580364418295957502
580364381602415728
580364066741519899
580363878049613650
580363774582425338
580363943559268178
580363658035103711
580363512211146482
580384337390044214
580384217887704142
580384134779012261
580383947194664442
580383343690220647
580383144586282900
580382775990519075
580382480637265545
580382264729830675
580382085229479695
580381981949854747
580380667476608121
580380605870802521
580380583047365847
580380135573849426
580379891676710388
580379629701268509
580379529722365362
580378798523319323
580378724936353712
580377955967600421
580377930489890154
580377795258779401
580376950791898958
580375398731580649
580374401623229446
580374299063321746
580373882498549592
580374610959566810
580374349613990918
580373066372712068
580372007769769189
580371329177192184
580370870306244592
580370925274040304
580370741275821950
580368885006829155
580370055718602033
580369959660914059
580366597646550261
580366389434221611
580366029869516756
580368316333589775
580368119711827440
580367583337547261
580366619350828277
580366591194007044
580365945742984223
580365874090968160
580365344186598967
580365018825786738
580364928948536524
580364456780334393
580364441548719474
580364419585836545
