580380023563584735
580379725652198577
580379298841527859
580379069252601587
580379003462583927
580379021529810403
580378942639343402
580378908719678556
580378698639836775
580378614021719628
580378521622775610
580378376013514726
580378348044519364
580378230782461564
580378208484886208
580378176607913423
580378036687439127
580378022637962362
580377991190710139
580377907434391177
580377865148990481
580377821210838295
580377790841390310
580377694795760718
580377305470370970
580376982626534968
580376922769491226
580376783229716206
580376662147499612
580376642135295039
580376475286341392
580376256769853313
580376240487892889
580376013899138550
580375975360103647
580375715185460614
580375704153195801
580375584172967302
580375426596766925
580375417882772893
580375335823705763
580375269218354574
580375170524284435
580375073955939346
580374944220481372
580374953402730332
580374668872877440
580374630070191745
580374585145394713
580374582831384457
580374497333314622
580374212666754223
580374218696656102
580374156291507430
580374080107414613
580373955442542019
580373914375390438
580373875711772141
580373936727229561
580373870367507686
580373810168104166
580373672355595316
580373622432433226
580373519850833785
580373503179326888
580373130978821534
580372994748024511
580372876963645305
580372785525720303
580372669920478858
580372569262163561
580372513181369666
580372507562640651
580372482339538410
580372481969784229
580372352636585110
580372267876255141
580372174519699139
580372186445415531
580372111686469415
580371984458876264
580371971328346030
580371914681582848
580371784611694084
580371787655513630
580371723111859766
580371737266849574
580371726289241217
580371525829953083
580371539379717522
580371461892572439
580371406769915543
580371363818604372
580371244461688325
580371207559742584
580371144242857231
580371002517980329
580370942971380746
580370882092042155
580370820729505790
580370654535582935
580370611012536164
580370577562895684
580369815293756838
580369537112507972
580369370357401119
580369336148461444
580369205120042203
580369155439756507
580369165631718722
580369153460307163
580369128509113860
580368951966205147
580368942158874397
580368925368485505
580368847893202935
580368753871718363
580368443475134091
580368169977022371
580368118483814186
580368073836758313
580367604891092522
580367527306102697
580367455714772252
580367225707464599
580367195485800066
580366954946332090
580366954030728833
580366909198730954
580366947035809673
580366903893591589
580366577205740747
580366532250339242
580366509274006685
580366545830315174
580366545021404905
580366513214031657
580366393140741957
580366163558434346
580366126319240276
580366057089304088
580365964658771302
580365806493402176
580365701563254267
580365525213742261
580365524762396410
580365216871187544
580365103432566076
580365074871256380
580365042688296630
580364932584277308
580364861369583207
580364449125270886
580364389082694971
580364365314753770
580364318708041721
580364318343005691
580364303636858119
580364304252109975
580364284138194071
580364030754588631
580364030069016349
580363909577475179
580363889767318703
580363565252249404
580363542271854449
580375465698755974
580368822755689874
580363755573446391
580363698638193839
