580347125476788198
580346204383446692
580344748974769948
580345091319694822
580349191905249206
580344238484391316
580343276272650224
580344494313932758
580349185226606057
580349037283411523
580348075403412796
580340110561937214
580347176530380620
580347232525518506
580349022235690223
580377893922244467
580377948471723265
580377469336127481
580377380693968616
580377160958837981
580367975135413647
580368115762759564
580376771358459701
580368840832747105
580375572628146048
580369507087058482
580369712081962536
580370526766008119
580370655284724770
580370829287589225
580376366459946839
580368867265250913
580369408438469705
580379726535099886
580375954007295554
580375861149336977
580372982435776310
580372862613489035
580367324219148133
580368870791611527
580380391726220520
580371083202233794
580380305996351167
580370890903815949
580379627929306757
580379165167290309
580378543789213666
580378488536008654
580349076370720411
580341016040408157
580340701807347105
580340422634735070
580340608246187013
580341646814840514
580341666925152085
580342041609602919
580339171660760626
580339697218520933
580341866857006819
580345105005184486
580345376053954260
580345620374652459
580347906211808270
580347901961536774
580347901961471238
580341483325327144
580346479740553064
580346412396872738
580345274777962144
580350884609754266
580350787397846639
580377049192302154
