2738673641156274
2654416939856800
2654390563983772
2654495197768136
2654487590360582
2738641293564540
2654416153556800
2654397546956274
2738584483568926
2654510760588402
2738655809234924
2654406746941022
2654329559066770
2654502176224630
2654403363051287
2738539815051084
2654308132356274
2654295340225594
2738492633913217
2654279156291790
2654269758407624
2738480653749550
2738464419770672
2738447865256274
2654231524685697
2654278318185817
2738467455969871
2654244382202408
2738450086075757
2654233356117617
2738396455849770
2654270346772849
2738478691912095
2654236983707624
2738437805390905
2738526874879010
2654314160079010
2738525418628043
2738483460882295
2654245352794066
2738439063697583
2738415089974355
2654170107940147
2738355207068640
2654059797856063
2738244241707535
2654083709704906
2654067707985817
2654051983851975
2654042774858643
