1965973440518094850
1965460594070581249
1965462747841490945
1965463329645981698
1965483446840782850
1965493887314882562
1965460926850854914
1965470144429486082
1965487644143710210
1965498094973546498
1965558029526691841
1965559930808889346
1965561162298486785
1965496628711976962
1965500456064708609
1965517676480229377
1965552030556286978
1965569908269576193
1965579255758385154
1965595506056556545
1965607456782086146
1965612135582724098
1965619985499484162
1965643270467547137
1965650279933865985
1965653540522881026
1965643126087020545
1965645851617062913
1965672272282427393
1965672754853879809
1965674834575347714
1965660398394470401
1965669364226781186
1965671354256257026
1965689826285645825
1965694734860722178
1965698324484497410
1965701181937983490
1965703301682622466
1965687123627143170
1965694551680806913
1965697342669234178
1965703783582986241
1965704448501805058
1965707222463475714
1965712279844069377
1965717993696194562
1965726137526689794
1965723289558642689
1965756865754886146
1965761014735237122
1965752928903536642
1965759558422556674
1965768647751954433
1965770703745249282
1965775791748456450
1965778448080871425
1965769635254693889
1965777716736860161
1965783524134547457
1965786871679873026
1965791447074140161
1965793816058982402
1965803048464478209
1965786956769718273
1965794796418822146
1965802713008238594
1965807067236855809
1965809908837949442
1965809398901714945
1965813258409123841
1965820259316985857
1965822563655020546
1965822654195343361
1965824204085063681
1965837098413629441
1965843978462621698
1965822959855247361
1965829026599333890
1965831539929030658
1965833047892488194
1965842337311158273
1965843976059285506
1965848619044761602
1965868301441232898
1965858141712871426
1965917220183404546
1965919458784112641
1965922680328351745
1965897074721071105
1965911329941942274
1965920214287314946
1965940308327059457
1965952141817597953
1965953788929167362
1965967380382535682
1965969277197799425
1965970470996619265
1965973128330158082
1965973584947384321
1965974022207770625
1965974937933385729
1965976734689714177
1965985353689456642
1965975210542174209
1966001048015343618
1965997236064608258
1966001123001622530
1966005345453596674
1966008960624877570
1966012439317700610
1966017714816802817
1966027965293125633
1966033219770376193
1966033872169197569
1966028477484752897
1966034335950168065
1966057929258295298
1966034360923054081
1966034933114200065
1966058236759498754
1966063189011980290
1966067225391534082
1966068422659805186
1966072036690235393
1966084006915596289
1966085346471436290
1966086969003872258
1966097467900944385
1966070060900933633
1966103944199921665
1966110273178165250
1966112878667227138
1966122234280402945
1966123276552364034
1966117296020119553
1966127856119963649
1966131289489137665
1966141812058349569
1966147147095597057
1966143265971888129
1966147634121400322
1966193666099167233
1966194533342568450
1966197502431649794
1966209572602568706
1966221923737329666
1966232551852007426
1966196242898935809
1966196247529447426
1966197543527440386
1966199515517214722
