1969921986409979906
1969941211518263298
1969944356944273409
1969951269455060993
1969956446312521729
1970004550273392642
1970027966342815746
1970068626928230401
1970069125995880450
1970098450543599617
1970106314578386945
1970142130910453761
1970118713003925506
1970142484003741698
1970150205587382274
1970236003879936001
1970259840847765505
1970296272131907586
1970335617710743553
1970379931069374465
1970438917642706946
1970456449795678210
1970481684022759426
1970182582434979842
1970290082803015682
1970325417297633282
1970353217337483266
1970356680406523905
1970375549590364161
1970405466281533441
1970442227980361729
1970458386628796417
1970495172797194241
1970717071502401538
1970520312104804353
1970560350209368066
1970652911536103426
1970704462724128769
1970720661214257154
1970722845108658177
1970734837458460674
1970781825247928322
1970748673028710402
