1969809864891506690
1969815878558752769
1969823626042220546
1969834726972399617
1969845475757203457
1969845666359468033
1969884051110830082
1969899491484704769
1969899825167261697
1969906611903455233
1969918067520757762
1969918228627660802
1969918372278378497
1969924619174600706
1969924699063508993
1969934074548789250
1969934285912350721
1969938891048935426
1969940878125113345
1969941355919253505
1969943794009448449
1969944862047019010
1969949354989658114
1969955704830369794
1969957168281755650
1969957372443697154
1969959228691652609
1969969213379125249
1969972181201526786
1969973009949859841
1969974004389978113
1969977564834488321
1969980852111351810
1969995286074564610
1970004785971798018
1970007874343198722
1970008534031212546
1969978005730828289
1969984793486237698
1969986058475741185
1969990327320911874
1969994319493013505
1970003331911458817
1970004196420935681
1970010801476149249
1970013888664756225
1970032076416294913
1970033553843101697
1970012717249667074
1970014532129202177
1970036254287011841
1970045137341046786
1970046340053524482
1970053300278714370
1970060315171954690
1970082255857704962
1970089048477999106
1970048757851168770
1970066366978007042
1970072955550113794
1970077428951998466
1970081164155363329
1970083201416896514
1970091309480484866
1970095337597771778
1970102882676711426
1970103624602951681
1970104340755701761
1970095513016147970
1970100638958952450
1970102386813509634
1970103518433042433
1970104167895851010
1970114367830810626
1970120345359425537
1970114044042616833
1970119013437218817
1970125449592512514
1970134233317040129
1970141399226195970
1970131690494566402
1970138993180483586
1970142204582895617
1970142769576615938
1970149028900052993
1970144061271252994
1970151068464259073
1970155407354306562
1970156473357639682
1970156994894176258
1970173730724978690
1970178724845002754
1970182208370171905
1970150702976802818
1970156731861491713
1970168372807802881
1970172851330932737
1970177979592679425
1970189561299148802
1970195775869362178
1970201859908640770
1970185152724934657
1970188497380384769
1970190816201351169
1970197463799898113
1970206215333142529
1970233340701908994
1970259516216516610
1970263782675128322
1970272905974194178
1970280930273337345
1970283965267517442
1970291889419264001
1970301757534445569
1970303000948449281
1970310093067722753
1970313877768577025
1970263372002435074
1970264273949761538
1970272603808145410
1970285332119887874
1970299995356340225
1970310013661159425
1970313808994574338
1970315338837598210
1970317772519579649
1970317930951024642
1970314773584338945
1970339689058213889
1970346221825105922
1970357521355579394
1970369155444711426
1970374435650330625
1970378852256636930
1970357304270987266
1970359715597836290
1970368095623782402
1970371182996430849
1970374735873908738
1970378537188401153
1970387266793316353
1970386743734247425
1970387947679850498
1970395273992790017
1970397347991724033
1970399983260344321
1970432243787309057
1970440217540894722
1970447345500495874
1970450796783542274
1970461893565554690
1970423314407694337
1970426554591420417
1970488083240132609
1970467412427071490
1970488829402619905
1970496364562030594
1970497431647494146
1970509907097231361
1970511720164827138
1970518536270045186
1970510271183790082
1970513005840637954
1970517022415200257
1970526921706643457
1970527362238586882
1970538750420377601
1970545665224941570
1970622654888206337
1970634995381510146
1970635541723160578
1970640984700821505
1970645697043308546
1970645981601669122
1970654395354521601
1970659425499422722
1970671719109304322
1970674205459161089
1970677580686893057
1970680548039532545
1970685845923635202
1970690099535093761
1970693411437223938
1970702371254902786
1970704414581399554
1970662297762996226
1970681970621620226
1970683785345966081
1970692195248447490
1970700560880050177
1970701766121693186
1970704098981502978
1970706876541886466
1970710674844360705
1970712718166663170
1970713718902431746
1970718923639431169
1970720839442309121
1970715751323738114
1970724446199816193
1970734238549090305
1970737187073499138
1970741465716563970
1970741985738956802
1970751851606499329
1970754479412944898
1970760775855972354
1970762399584296962
1970768623935627266
1970772045309091841
1970777217121312769
1970780943080431618
1970781676513206273
1970724289265737729
1970726459121803266
1970730417273905153
1970731734746734593
1970735608022900737
1970737361531379713
1970741802435289090
1970745966418665474
1970758269050494977
1970760967535665154
1970762374519136258
1970767872769843202
1970768757222219778
1970777096228380674
