1966194377012469761
1965461422265266177
1965461422969909249
1965461488786927617
1965468162003161089
1965468885240705026
1965472114041090050
1965475967767605250
1965491963148562434
1965493988480372738
1965506432394260481
1965505466605432833
1965513737629192193
1965527264613036034
1965514193265946625
1965537150990217218
1965547215629512706
1965558263321391106
1965566149396123649
1965575450501246978
1965580233710694401
1965586279388868609
1965599949397356546
1965599243139477505
1965600841824546817
1965602193517768706
1965604758569545730
1965606762653011969
1965608408243171329
1965610368224653313
1965611703707824130
1965610266416312321
1965612707484463106
1965614978381312001
1965621264744304642
1965618655422771201
1965623240967254017
1965636104968925185
1965634232648396801
1965639709725749250
1965639808979759105
1965648054843011073
1965648849516818433
1965649553232949250
1965649854283313153
1965655750248878082
1965654347775406081
1965663646101655554
1965669889030680577
1965675782011023361
1965681485386731522
1965683372153565185
1965688081027362817
1965690487555420161
1965698907184492546
1965699812783935490
1965701188625821697
1965701657301544962
1965704778991988738
1965708910216728577
1965709539774492674
1965712163303256066
1965722717384273922
1965745030246887426
1965704942502735874
1965706202480046082
1965715547192225794
1965722436995051522
1965743939996282882
1965745412444450818
1965755677290459138
1965760730122350594
1965763805578981378
1965764636583849985
1965750242449747970
1965756688507793410
1965764951517360129
1965768360583614465
1965767646978437121
1965767796487475202
1965768613723566082
1965770851337490433
1965789414162100226
1965789874545684482
1965792890069905410
1965793818370043905
1965795314939654146
1965797846999035906
1965798087039053826
1965802022801960961
1965803875933548546
1965807423358431233
1965811894255808513
1965813124000575490
1965798266882420737
1965800579319656449
1965804932079144962
1965814331129655298
1965816874165530625
1965819782156185602
1965822256929763330
1965821959700410370
1965837503680860161
1965901393886302210
1965929015800311809
1965929257898799105
1965932489937186818
1965940996513800193
1965948461076762625
1965957535294083073
1965960604144685057
1965964127888527362
1965964604973830145
1965973793878249473
1965973436942979073
1965981429218611202
1965999229139148801
1966002106733682690
1966010799757889537
1966015143083499522
1966006651434033154
1966038264356265985
1966052449899241473
1966068563869949954
1966068869752152065
1966075662029021186
1966084708895285249
1966085353492701186
1966110141313441793
1966136606000144385
1966100589813686274
1966104905540603906
1966107847140216833
1966121606374133761
1966137106170896386
1966137389349330945
1966143573313708034
1966144197163913218
1966151603019309057
1966193542211756033
1966193555969073154
1966193583156551682
1966193673376030721
1966193797783281665
1966193983590948866
1966193551254675459
1966193817387458561
1966193943648591873
1966194264248606721
1966194662908813314
1966194747096883201
1966198005726523394
1966194405466628098
1966195258172190721
1966195291470770177
1966198822558412802
1966214696406278145
1966227368556290049
