580351928269112413
580351575281272611
580351581572597539
580351464846231531
580351447820305641
580351456956548329
580351288993416249
580347974030690252
580347885238060273
580347909317035190
580347746992293833
580347693252969906
580347612682487252
580347529401173359
580347403662886810
580347420157117773
580347541338686985
580347525372872374
580347443506415144
580347170409841983
580347132472297185
580347106326054222
580347064629102473
580346945061946386
580347337215870087
580346763774232160
580345526436004965
580345088479299074
580345068716525069
580343588289087444
580342850063074416
580342795560387852
580335730408850537
580326746773226888
580351645386442428
580351594295560033
580351464815363607
580351442527618583
580351455218665414
580351279148795411
580351249658841012
580351152359507621
580351139140240854
580351091460441357
580351030187820610
580350925621986678
580350891012949707
580350861531055121
580350870088288035
580350667925325638
580350565769119151
580351061753497379
580350974656546376
580350902214100771
580350889978660664
580350394957989774
580350328098817934
580350249311568953
580349941747648135
580349937791436423
580350136792024634
580350107100284742
580349976497719108
580349983490213876
580349819866350748
580349643646731560
580349760576784329
580349729498629481
580349643809195993
580349625756059100
580349579492951516
580349522152621302
580349747481773715
580349669688378444
580349567400904156
580349518537000858
580349494669575498
580349430962619703
580349411171795989
580349353410529178
580349396154091418
580349354345793176
580349360510305389
580349361444783213
580349276931196153
580349272766972937
580349233494263708
580349182585505727
580349107510544031
580349275809154529
580349229095749282
580349112981554214
580349153298777307
580349033172010575
580348958369941400
580348875369710854
580348774184944940
580348795867924248
580348761280841057
580348712533985136
580348626461165447
580348800109610251
580348761655969068
580348768221628321
580348711296075313
580348587717461508
580348571454440636
580348547759834540
580348517383373838
580348469372683661
580348385964557593
580348339259606554
580348340745110802
580348308045334438
580348280275502588
580348277395326187
580348335399077138
580348305531110409
580348305267655879
580348157735437740
580348145923426100
580348132949198090
580348124798092597
580348033060341660
580347936693191859
580347753121154827
580347798887630785
580347694451033819
580347312407807463
580346906308609042
580346819355640985
580346889907831846
580346846956979235
580346833331324571
580346826902897746
580346791112115849
580346868526581498
580346808189617191
580346786651145515
580346827902911952
580346780816540736
580346755306194710
580346728110326833
580346712250877529
580346741182006591
580346707060753479
580346623857427940
580346587219199497
580346705734304839
580346675006179279
580346647135093831
580346692405199950
580346543182874547
580346541037159675
580346508931859927
580346576033449211
580346514862540109
580346489115804977
580346491211777886
580346466855060498
580346443445011456
580346373766612683
580346409364784677
580346522940769879
580346444426085567
580346417041999087
580346405846877493
580346373280924945
580346363309098025
580346291312624773
580346331164542480
580346281870263657
580346247679739786
580346358060713093
580346331712358335
580346312883865453
580346245804623447
580346068205208984
580346078962091947
580346034495129043
580346015487329299
580345981212853735
580346161681434107
580346077709435997
580345982850008245
580346052998431953
580345992511784535
580345951944869309
580345958864356371
580345952237946105
580345875408914093
580345884083521447
580345847981704668
580345846556690211
580345798563432132
580345920861602996
580345820123137273
580345794409105072
580345690328434418
580345694029579949
580345675059201246
580345658296599911
580345733590910162
580345703123355073
580345696155567471
580345654609282654
580345674480977792
580345633363822174
580345630271571550
580345610393192211
580345638076581282
580345587985647423
580345665368720534
580345606194627759
580345616196995050
580345567563056237
580345547852384142
580345563100120692
580345543129138499
580345543534544189
580345563441628576
580345507602662405
580345514170745924
580345559858185664
580345555086771789
580345578053141527
580345489258612411
580345527422519190
580345520854173552
580345482306946379
580345472806913721
580345426687853855
580345471447237693
580345471137252466
580345446860818116
580345417696380258
580345434879723129
580345387586651523
580345307872593806
580345404014429357
580345377832994424
580345432778377088
580345314160313581
580345321114010736
580345314159330862
580345231642036071
580345221581539305
580345220857103393
580345197392988054
580345178533430946
580345165246662550
580345191970473053
580345118430495988
580345251669640579
580345237455406380
580345218247919362
580345231844804550
580345165027968061
580345105446175947
580345037526894190
580345025864107125
580345025243023106
580345023613338803
580344761044993344
580344685472220273
580344519462455059
580344437404566709
580344466742740651
580345025729889294
580345000942012086
580344950985688989
580344549798872304
580344382858233515
580344192625050835
580344137485944827
580344271870919705
580344026027099270
580344018345821419
580343930746733987
580343909626250509
580343715518908272
580343642013795606
580344064847153142
580344098574468449
580343641122113469
580343612760032663
580343255176479765
580343210418865343
580343200961365821
580343177874998293
580343108356768789
580343116649956366
580343115486364883
580343371623925131
580343343287666034
580343351371401040
580343277999982171
580343236503897230
580343261619587011
580343184313452031
580343176747844629
580343043431695472
580342899059033613
580342876756673648
580342940177958000
580342796305467269
580342638263699074
580342645134231013
580342441366751165
580342471691437894
580342339305506540
580342227924715320
580342707041109292
580342464219153963
580342250428204201
580342189229900969
580342206674995146
580341909521926043
580341862272107923
580341733598332323
580341669132141987
580341460950156917
580341902384268816
580341726591288363
580341688393959174
580341538158053130
580341367941465944
580341259410834828
580341277358130795
580341202013947052
580341223430259862
580341150569104780
580340920827807346
580340813062374784
580340686475527292
580340663758718290
580340506778109470
580341162080175258
580340764779710109
580340684903450310
580340633076664011
580340591794620136
580340261589320869
580340235130274985
580339440632366813
580339410252367164
580340067924018197
580339746905556498
580339734903162470
580339229801743862
580339249833280696
580338931060213515
580338776165877314
580338035428525079
580338983433700700
580338523120502370
580338020041851952
580337940444448118
580337969684252200
580337945797887027
580337918381032910
580337912237753667
580337570790803223
580337873233216974
580337845335787116
580336505284298751
580336497484203887
580336495276229786
580336868197828375
580336723287836085
580336436226393976
580336303652111367
580336303753430366
580336362876732809
580336229672977573
580336143983740432
580335980068963476
580336212883310426
580336087025092345
580335899848967316
580335811698198365
580335769778029588
580335736361617145
580335593197831942
580335262547870944
580335117598098644
580335105025607553
580335544797266989
580335565673104959
580335299140093243
580335281083548968
580335138634827392
580334901239252689
580334858811442674
580334836511573101
580334834029594372
580334752461849818
580334702543209593
580334579420136873
580334628392437291
580334575185397070
580334460969387432
580334384037070477
580334141576938649
580333981341747145
580334171479836400
580334093735397231
580334068651492987
580333752004478335
580333673344435549
580333642479798075
580333563290486378
580333535867077883
580333214765646948
580333190692570751
580332872683980218
580332836440736893
580332981734704963
580332745673770592
580332769301988788
580332777653372238
580332691766412817
580332597841462504
580332514652357712
580332692890617408
580332648070809074
580332600498226761
580332458638935759
580332376520558549
580332332437374356
580332294533121757
580332219061601885
580332200647559052
580331961405704003
580331885242254478
580331730987025540
580331927428433722
580331908404381429
580331743927240426
580331678974248845
580331650111932156
580331655723189988
580331652296312229
580331477630682776
580331385765463158
580331613051979173
580331423294457496
580331261894100207
580331193339642896
580330713268193090
580331288314807416
580331259471561967
580330826134095744
580330821904335892
580330721599457045
580330687393138498
580330729401255541
580330490934036330
580330300196750580
580330227610387825
580330112212501520
580330437344724150
580330046730831669
580330032975218229
580329787634845534
580329745737352726
580329656903370504
580329371664484347
580329906653857438
580329757282240469
580329603077604974
580329568993642410
580329399952574117
580329157907023372
580329192397637244
580329003185702636
580328697318900868
580328697095947672
580328554611902150
580328478908712031
580328749831915329
580328711657194800
580328696787993732
580328596005225636
580328567377789980
580328377794987102
580327881223603654
580327842547337188
580327807067784623
580327779290482302
580327712081085965
580327697060758906
580327423375738052
580327404187781022
580327335371966085
580327140925867359
580326911212029190
580326915251275366
580327243805000730
580327004082832664
580327004284683625
580326971617215619
580326869990213382
580326832602515400
580326832146122342
580326814758503873
580326786007532893
580326730331096949
580326730843260855
580326693807556280
580326674756306723
580326603603674707
580326610945016832
580326591593744245
580326575925724160
580326749567158258
580326705164420925
580326674722423963
580326673611719757
580326663937427093
580326630429262858
580326606682096789
580326626405418582
580326591470994777
580326596188800002
580326599351175137
580326572727436943
580326533333222822
580326536443757656
580326540053153521
580326531635512397
580326516991820885
580326497390200772
580326504755660061
580326502116000914
580326473590867022
580326439835108597
580326226182505614
580326139179075429
580326094389806099
580326021191861934
580326488925307951
580326437000808286
580326030020085562
580325961431353274
580325960496350378
580325870567195806
580325939593184784
580325638168414180
580325542498305914
580325514050831636
580325476930454953
580325474686633230
580325797752767929
580325783206659254
580325763136391145
580325656597333256
580325652683261852
580325619362006292
580325628475114633
580325601838663602
580325581471778169
580325513328362698
580325480517108907
580325461313029371
580325432927619025
580325431483467099
580325449957017586
580325451890394677
580325449286191088
580325466404127906
