580505784506353093
580505729973913029
580505575800210449
580505264690136935
580505225121990149
580505245962437952
580505222354404878
580505155376678000
580505118301586665
580504799331321221
580504700677097312
580504694622684399
580504641115948114
580504489868297608
580504435180406563
580504388019848637
580504333245842663
580504297196389917
580504323604776167
580504096893076821
580504038421005796
580504000978126028
580503843687466499
580503793247029167
580503768821827275
580503696366863663
580503566730036930
580503577593021555
580503566930184043
580503486198613614
580503459008513144
580503461515724292
580503286340027825
580503158160131439
580503054376601116
580503004831582135
580503025343170487
580502864141387272
580502972175516899
580502889974433162
580502790927844577
580502803340625453
580502703573074982
580502299044447888
580502338317419563
580502232247338152
580501991563626012
580501873166681910
580501827729261774
580501807317747562
580501737642952313
580501755963213167
580501686208726154
580501687578036123
580501697369966019
580501584755983727
580501574010635329
580501553711121775
580501531021379465
580501498739591103
580501600721012728
580501558896067649
580501534023779830
580501301551006771
580501284399122350
580501206525904377
580501185326909088
580501188588505076
580501312846202083
580501294342898695
580501244091729629
580501238867789496
580501199570502972
580501193088009596
580501101926516654
580501077000684668
580501002113418942
580500995919087294
580500732966045694
580500692439500660
580500858790511746
580500797006906910
580500716334843250
580500674537490138
580500635923481638
580500618278700756
580500594199594536
580500598847866791
580500500122535488
580500350512432148
580500355952903235
580500251646396372
580500279393485992
580500226160821889
580500198374737555
580500165419304404
580500136105445310
580500252406679239
580500230424200619
580500219872642116
580500160030869276
580500038754862421
580500009976366151
580500092599632914
580500036258923999
580499981324158356
580499897746360142
580499896735467501
580499794284413974
580499752376501875
580499684327392535
580499973783455060
580499952370353557
580499843205727520
580499777049626581
580499736380671991
580499717974099890
580499584632653581
580499525926684503
580499471490975190
580499415718987277
580499241644622975
580499145284093019
580499021525910942
580498878792303998
580498823644087388
580498770520278346
580498643788072030
580498662720833018
580498648370414667
580498933444084833
580498953182872822
580498848340084691
580498719342298206
580498623613600862
580498603551131056
580498602711417950
580498311343539850
580498287458747757
580498239041603426
580497967609055140
580497893590795980
580497858633172601
580497844979992047
580497823593235896
580497597734618190
580497638421989201
580497075674449702
580497091954640130
580496823647045391
580496641163364271
580496320144573584
580496331523524192
580496299879729116
580496166531467045
580496009422735157
580495986338989072
580495926376564305
580496171364747045
580496124681291211
580496054432663516
580495945801762775
580495805492069490
580495559435454038
580495477317142403
580495526922585762
580495554718566050
580495230240982817
580495168943523238
580495122433148713
580495086190954444
580494896302752933
580495049189263016
580494818668610799
580494881180714121
580494862924351225
580494583727097503
580494511170618414
580494477015680433
580494511716140821
580494161194091743
580494129887675615
580494195929351763
580494153017755133
580494126347879647
580494095073707231
580494115461760223
580493977539872043
580493899167991140
580493529493112342
580493829538088777
580493518194575216
580493420288247323
580493386874062131
580492931813115497
580493386975118643
580493271300736713
580492762654279219
580492593084597908
580492686622164707
580492565991163382
580492188975858857
580492164318725682
580491920972744180
580492076180604483
580491935521932749
580491931615266814
580491867903985102
580491770995836106
580491499314512926
580491796738901076
580491414474032478
580491418052167206
580491388529706376
580491410798249544
580491331383363463
580491201851852566
580491097972114658
580491025086907968
580491184543532205
580491070820156818
580490943019320721
580490919340770637
580490900321043633
580490862741456663
580490846015489968
580490753978238634
580490672794994659
580490662536447337
580490310201083885
580490734559135245
580490474135454737
580490182473712999
580489873267590811
580489819901953664
580490011121976876
580489881926141054
580489790156802033
580489784423253698
580489732733044569
580489600905742009
580489491195790880
580489444373333210
580489690921338020
580489493685962468
580489484251792600
580489263114454540
580489213730129600
580489181620831550
580489061703189758
580489001947727822
580488949154154100
580488894304846873
580488693745878946
580488849103619133
580488693952120738
580488620277335676
580488621066847610
580488584550516248
580488424323123078
580488565143668270
580488493239404171
580488455816381737
580488284597945987
580488403905906629
580488299501159602
580488166730335315
580488091840447973
580488005275976838
580488001890846484
580487957639431223
580487940443768508
580487912112620847
580487844802758590
580487537442784758
580487508257310588
580487956910277947
580487850090136948
580487732244481201
580487723315463848
580487500884051684
580487286596470453
580486933664204426
580487180487591498
580486939986199734
580486500730832297
580486517924529577
580486457096636134
580486322217125561
580486204829566251
580486089124513309
580485948708390750
580485930087711863
580485922790606275
580485929946810083
580485662910285246
580485514138584690
580485404594832528
580485074029741581
580485016323720556
580484776333313128
580484726213281048
580484947379979610
580484579773154326
580484407968106161
580484296166835833
580484185114511351
580484147734874103
580484277471511669
580484200324629521
580483871513871797
580483821101221383
580483937669777264
580483888538486393
580483733138081235
580483694108968465
580483575261791563
580483201475576969
580483578140918959
580483552427673189
580483414553494683
580483338544842675
580483152427582906
580482890863314264
580482702028867089
580482645526348874
580482986582050013
580482967482107321
580482732273796572
580482640107111714
580482460307785048
580482192612034158
580482490057852473
580481771973477499
580481459673138193
580481253186634817
580481565246391782
580481510567806438
580481251228813007
580481248150652623
580480958273521227
580480643263334308
580480959288084057
580480708797236997
580480530223498922
580480274216879750
580480277963835014
580480220544468093
580479753141585278
580479916134597722
580479742653662226
580479685684331726
580479526708283184
580479485242868876
580479397006902757
580479264914769717
580479436998280413
580479414442690544
580479253232322176
580479056722363700
580478658146371070
580478567464797550
580478497178683354
580478403975940000
580478343272432840
580478317372343926
580478049256244506
580477781599487902
580477484330747495
580477307676230731
580477317367170110
580477268209796135
580477141277967468
580477181128770599
580476919120626937
580476872363639967
580476925605872889
580476820540327412
580476540591375521
580476340458457034
580476301589972832
580476058336003225
580475926907619327
580476267070064074
580476082519246455
580475894282093586
580475802398786626
580475719370179751
580475615359632941
580475446990505726
580475407746369254
580475606373467708
580475453986998026
