580519301668701614
580518943193269466
580518372230202592
580517805458621927
580517573747705040
580516962405352642
580516908456051906
580516623141144504
580516551056786859
580515976273233283
580515493836850278
580515414419145813
580514760021869912
580514377356051460
580514063752792037
580513361564173426
580513126603130700
580512953740723272
580512690151851661
580512679468172941
580512631671392056
580512231666779407
580512204413699498
580512196470670607
580512154425722127
580512111125956584
580512110550353090
580512071490634946
580512061018309826
580511577891767854
580509642964501665
580509212347434906
580507088185033733
580506302527276061
580505964961105818
580504357328094861
580504173196969223
580504137794487558
580503883679630820
580503883679565284
580503798285633047
580503756381324920
580502948753737322
580502285422265523
580502041211471017
580500639937102898
