1966548035083776002
1966561918670417922
1966664247058968577
1966684004298600449
1966702963748057090
1966711522732879874
1966732135061073922
1966786840881606658
1966797504576565250
1966804900115984386
1966839063737085954
1966860013580922882
1966931210024857601
1967008248660307970
1967011672068009986
1967018621299929089
1967089753310965761
1967143645222612994
1967149923563024385
1967189921855254530
1967192112297852930
1967235160989052930
1967248535223611394
1967275348134014978
1967277170504577025
1967278767016062977
1967279103395049473
1967284799012417537
1967334244844384258
1967388622775201794
1967400181735960577
1967443881929289729
1967452337218334721
1967457385990139905
1967461402514370562
1967462050995712002
1967463510412177409
1967470421337518082
1967482393940365314
1967484187596722178
