580517537496859852
580516974796506260
580516813289326007
580516803565684415
580516637658613192
580516467541706032
580516453753390595
580516294409880931
580514433534756384
580513587023874009
580513403042694900
580513306675872820
580513210329367609
580513164818220581
580513172715767333
580512597713388687
580512466577097904
580511432149075632
580511302574376296
580511041141114606
580510866668160737
580508265087009952
580507557865489825
580506619607352488
580505649269278696
580501167233337103
580499910614615322
580498184837563754
580492838775588140
580490385160242755
580490355717080453
580490345001289093
580489903806448736
580488894437557382
