580500279393485992
580503843687466499
580505155376678000
580504489868297608
580504399812527966
580503602990974122
580502901283456908
580502559923340757
580502471052985458
580502183577617475
580502159176860950
580501180432221457
580494195929351763
580493420288247323
580492361121368045
580489493685962468
580488001890846484
580505879493903408
580505772044616710
580505769106703944
580505778436671012
580505784506353093
580505729973913029
580505753134859780
580505742275610621
580505716743570450
580505755101201609
580505746234967887
580505703462438817
580505682964416371
580505637488461466
580505649787013069
580505626045285803
580505639885177900
580505622192293741
580505610647144210
580505609601975670
580505609494693399
580505584605103147
580505568915523445
580505859692004400
580505874729174064
580505843479643509
580505848232510733
580505827930178675
580505818738754915
580505583436661784
580505591123641862
580505590649816404
580505582482327241
580505581525959692
580505575800210449
580505558990751457
580505565004138313
580505556709770346
580505534391355310
580505541454758931
580505554107008303
580505524888176147
580505531536475398
580505523093145181
580505514848060748
580505525461092231
580505492452377830
580505510900631071
580505791619630527
580505789111829968
580505501524789222
580505501186229829
580505508911351527
580505489587930788
580505489358095919
580505487650358579
580505470271915211
580505475687548152
580505445857003284
580505427808126703
580505415084770934
580505450350282109
580505425436706036
580505431451534871
580505407712757095
580505412126082749
580505398615835968
580505405265381233
580505367179855829
580505364553893347
580505384185529522
580505366098249447
580505362585061339
580505346612168606
580505380095166076
580505368110991308
580505302144091591
580505350132565617
580505302348891161
580505317217174777
580505321747744518
580505298923586656
580505286091704229
580505315895772576
580505312694732380
580505312480822776
580505267329140222
580505264690136935
580505225121990149
580505245962437952
580505182554916774
580505222354404878
580505182083450500
580505199106426798
580505205850670640
580505173016545105
580505187685663802
580505172175127698
580505194951378860
580505157017568587
580505138811144105
580505138224792623
580505144550262008
580505118301586665
580505136251897589
580505142961276088
580505143505749083
580505097415787590
580505086831592922
580505121333937918
580505130353329764
580505054892098731
580505034973414529
580505064240088283
580505043990971593
580505071255454913
580505033518778106
580505042633655865
580504994283947424
580505031196051439
580505039291778837
580505013869053528
580505027718579487
580505027445163863
580505018030589106
580505494316484051
580505010887886009
580504997693589439
580504984790730434
580504956021606082
580504947773703905
580504953476056863
580504952098096757
580504905023325844
580504912388851597
580504912609904159
580504930900477154
580504889763529836
580504861305308418
580504880260351747
580504909379634282
580504886157411821
580504883396052699
580504855749232087
580504861908698228
580504805866505436
580504790346991469
580504799331321221
580504807375210436
580504782367720759
580504728050435498
580504725072021120
580504770710112210
580504700677097312
580504710988203387
580504689328424833
580504657665885720
580504694953707243
580504666920552127
580504694622684399
580504675550201383
580505323368383747
580505308063434047
580504653628343606
580504655236728551
580504694220097254
580504664468522749
580504663285597890
580504651705386679
580504641115948114
580504649287239143
580504648362919849
580504616755037293
580504627502745215
580504605802333475
580504614244878122
580504613435311322
580504624093300702
580504593381754696
580504563978045381
580504591955232707
580504541478552950
580504579444738047
580504560609100965
580504538039551576
580504529850565964
580504517213783389
580504516216194402
580504497828628052
580504496079537379
580504505773688752
580504495213217478
580504486248482216
580504467231573022
580504504957174954
580504471146955886
580504503933241059
580504483002418885
580504430903854985
580504470166078481
580504428028331229
580504463682274761
580504426350085384
580504439763797293
580504415674795679
580504446975444099
580504446947591652
580504403858130725
580504435180406563
580504452771776181
580504420217226687
580504431965603130
580504355602138189
580504394291381312
580504376342054011
580504397694600840
580504365676463105
580504365813630436
580504371616974055
580504347958740158
580504388019848637
580504337607066671
580504346838009397
580504333245842663
580504333150684172
580504360909178559
580504278705604032
580504288715703770
580504325270635538
580504297362457909
580504276004668530
580504296816870787
580504297196389917
580504325072127922
580504251150665639
580504323604776167
580504294002820397
580504295348929750
580504260122150547
580504257799423786
580504257219298304
580504227571599024
580504265066186310
580504184983684191
580504191433671805
580504205191972833
580504190353114786
580504154219644512
580504171040179348
580504157306652597
580504167530923346
580504137602795487
580504142626719610
580504126257137468
580504122871809947
580504096893076821
580504105956181226
580504087134242234
580504102128420812
580504087017522254
580504082129257550
580504045657359693
580504038974325964
580504038421005796
580504000978126028
580503963101005560
580503975369147973
580503951219852497
580503927139960385
580503907083322547
580503937690797369
580503938223277113
580503888185952043
580503902177428912
580503902193353784
580503909019387744
580503856733193246
580503870732600575
580503879695828483
580503836442986129
580503820119082486
580503859862340895
580503809617658921
580503809133938176
580503815564461733
580503825664542630
580503798159082733
580503832750687785
580503824870638880
580503780736926736
580503780286629113
580503777492764454
580503788236735710
580503787968955668
580503761729783087
580503793247029167
580503768821827275
580503802020988899
580503783983449321
580503739501086588
580503746260468959
580503718454985981
580503749927077117
580503718324241721
580503732676429452
580503706732824330
580503714481735083
580503731087115345
580503714076460475
580503696366863663
580503668582877054
580503678042277278
580503682691794534
580503664050865254
580503689312568720
580503652893427472
580503643800307021
580503681149076490
580503631692203491
580503648054838787
580503636771964884
580503635359728788
580503610031703732
580503626741679311
580503617912735081
580503618357855736
580503606696772723
580503561871000626
580503551513429107
580503578685572303
580503570728977523
580503549795600115
580503594711942211
580503542059861019
580503577593021555
580503583101912668
580503540293076642
580503545259459971
580503566930184043
580503566730036930
580503566169573310
580503514582451599
580503495114065475
580503486198613614
580503502385874727
580503459726002147
580503498789782967
580503467564041245
580503458633581907
580503487863489731
580503473324393973
580503449012700204
580503464135787620
580503453974300660
580503434237347453
580503461515724292
580503450529924657
580503409507993288
580503429785486574
580503407566489328
580503389545203633
580503396669228921
580503411482462145
580503348338460548
580503366560351261
580503352264918908
580503344975217821
580503343029322781
580503313679812388
580503305493055190
580503286340027825
580503303303496952
580503301251172064
580503251664668145
580503251409208634
580503258663388595
580503248799368336
580503239035946984
580503262138565811
580503193913492511
580503232626590733
580503193697683212
580503172563699486
580503205310596496
580503170618066032
580503168227182335
580503143598360224
580503166028056131
580503158160131439
580503149424314217
580503177222063245
580503148502550176
580503155811386389
580503146919986355
580503137581237907
580503146346546848
580503145119254366
580503104766575843
580503124691224563
580503087169242145
580503087626814485
580503102961976556
580503102720149394
580503101218064376
580503109559748590
580503121103128331
580503072527844488
580503040615876366
580503080055703010
580503069403153957
580503067460011902
580503070199743638
580503048290665781
580503027662227346
580503021657818824
580503019687478886
580503026544051443
580503034897728886
580503062116730807
580503034526729299
580503054376601116
580503016597390347
580503004831582135
580502977445725608
580503009842398283
580502987422008323
580502983965377870
580502972175516899
580502963160646711
580502990726530749
580502963964708757
580502963436750185
580502979170305101
580502916458186173
580502948491724490
580502931305694799
580502913182435100
580502912976062146
580502918816958374
580502904324917225
580502928776528998
580502936752523177
580502896700261744
580502903841981574
580502880420529762
580502889974433162
580502863138948508
580502880027182873
580502861875610842
580502878169039912
580502859087905922
580502854512576297
580502867921307431
580502857540600867
580502844880684771
580502842749978279
580502840925718181
580502832889824679
580502832186688984
580502790927844577
580502803340625453
580502822109742502
580502797951534702
580502789176461304
580502779995587859
580502778415384228
580502773013120922
580502795292280683
580502763730339242
580502739329976083
580502730378479192
580502728198358328
580502736527524907
580502748940961539
580502757956355922
580502740900939584
580502694478317368
580502717768566243
580502703573074982
580502686246340182
580502693582899040
580502671199143334
580502671209039699
580502692363143000
580502675767461635
580502688609567939
580502671593866396
580502622941513681
580502642485003902
580502641074800386
580502609176331565
580502609696359567
580502593925448941
580502612207306598
580502601429845129
580502545968301773
580502560065881134
580502569022030865
580502502372116042
580502485422605968
580502459640874767
580502475454973639
580502482998691697
580502459406911005
580502465286866236
580502402885781391
580502472538817828
580502461820732442
580502454053013174
580502447377581830
580502442585130190
580502428115305706
580502428141061225
580502433724335176
580502425682347778
580502424009016330
580502416187229791
580502378006414628
580502389670184237
580502348076386183
580502348013339868
580502357822834140
580502383731574359
580502364063303228
580502363015448467
580502338317419563
580502330565166410
580502337024197941
580502322449319200
580502300104427337
580502351254881791
580502299044447888
580502298320209311
580502319323448492
580502289364059895
580502310142313749
580502288233170437
580502277047944339
580502285017121881
580502241853408525
580502240303613749
580502216380351618
580502227260573071
580502214807815759
580502239080122295
580502232247338152
580502200798905938
580502190397294012
580502189092275692
580502202269467814
580502209956710286
580502174387832105
580502173245277862
580502161846863054
580502155412276761
580502148294476939
580502136177264613
580502152632894735
580502084691264898
580502112648070169
580502090273031500
580502096925591523
580502123776804605
580502084307027572
580502104235738828
580502093570409803
580502109611394779
580502101373781884
580502088355120546
580502092371625430
580502107778483840
580502029732644373
580502022301910317
580502034412700842
580502034168317187
580501997352354832
580501960197703489
580501991563626012
580501992184055262
580501953076889063
580501984317310469
580501946962052795
580501935203845954
580501955392537709
580501919550702858
580501942200600320
580501930614621575
580501917680960809
580501914434897574
580501942158919264
580501896018233074
580501895786300997
580501911889610509
580501894174902258
580501896646788918
580501897826370601
580501890441708584
580501838403700633
580501861497669578
580501854076568809
580501851192264341
580501833198110515
580501818172868379
580501800836039815
580501800396948554
580501806852244715
580501827729261774
580501819541783662
580501820041627501
580501786258343557
580501807317747562
580501791233967252
580501778698700706
580501785318818897
580501739328472655
580501782581774115
580501755754088301
580501755660043388
580501737642952313
580501755963213167
580501749822620760
580501749447754792
580501752461100078
580501715160630997
580501713853188094
580501701820777617
580501707190994130
580501721282348674
580501725329524340
580501706450634414
580501696501417546
580501693699098033
580501686208726154
580501697369966019
580501710491190978
580501673076099018
580501678306526536
580501687578036123
580501630629218066
580501649464198784
580501640355350241
580501618642814974
580501652391494675
580501602439432041
580501602162935778
580501596563866675
580501599952144111
580501600721012728
580501603501180485
580501585549558870
580501584755983727
580501573973935231
580501574010635329
580501553711121775
580501531021379465
580501542056527853
580501531639448795
580501531878852210
580501524981253142
580501539016050625
580501554139006550
580501540551362152
580501539183559701
580501534023779830
580501519386576603
580501537512785429
580501526234564294
580501507950020518
580501527009789165
580501507763438714
580501492116522143
580501504848266689
580501498739591103
580501509097293292
580505070210549650
580501482502456836
580501490825462864
580501477861263137
580501496599905521
580501489715742326
580501472230344088
580501484656691077
580501462833268460
580501480209548298
580501460873545301
580501469474227749
580501444405200126
580501447754220643
580501444946986798
580501438813734701
580501438478517716
580501450796336318
580501422057162044
580501431312680400
580501416805368903
580501425025549787
580501405811640095
580501385629304418
580501382543934625
580501400169842073
580501385269380544
580501384832321204
580501393521477037
580501379690366152
580501381853906541
580501368039704167
580501340668594120
580501341370549860
580501314726495442
580501303994255058
580501305847481778
580501312846202083
580501301551006771
580504744380826642
580504724338738305
580501294342898695
580501284399122350
580501244091729629
580501287491306725
580501264788915519
580501250506720952
580501267447055494
580501249994884314
580501243379156732
580501238867789496
580501233801529073
580501211273528825
580501214253647802
580501220016359412
580501206525904377
580501199570502972
580501186385118616
580501193532081532
580501185326909088
580501193088009596
580501188588505076
580501169138467882
580501158365988733
580501158051415993
580501142166078950
580501148117599798
580501125966103949
580501128713635095
580501118600906036
580501120339707384
580501112449894011
580501101926516654
580501108719191989
580501097043887346
580501094272304488
580501090812790365
580501084131067749
580501090038023901
580501077000684668
580501078273328236
580501062896944255
580501066727065346
580501062581126166
580501038729889004
580501048332813537
580501031116834549
580501035799774224
580501032963180121
580501016816682544
580501017713215328
580501011537627131
580501002113418942
580500988427274005
580500995919087294
580500990137894817
580500985447351580
580500990964630557
580500977656170088
580500969686664655
580500980247463123
580500964276667564
580500970860021394
580500963355166563
580500956166915257
580500933055251915
580500941248169391
580500931724149991
580500917329430260
580500924637480931
580500919456401192
580500916018186152
580500914899879408
580500893583836897
580500896711476601
580500883979863518
580500885725022202
580500895538776008
580500861748610051
580500858790511746
580500857658640059
580500841200452898
580500838826280147
580500838457575025
580500818292409872
580500827547731762
580500808724874613
580500811510155120
580500799007000172
580500796266481390
580500797006906910
580500785692706721
580500767505679606
580500763342702330
580500754709710103
580500753683220173
580500749140330083
580500749481051747
580500745940665556
580500732966045694
580500737186170489
580500720073410323
580500720979969848
580500713008236542
580500716334843250
580500692439500660
580500674537490138
580500670618437254
580500630265759129
580500642792572476
580500635923481638
580500629705033299
580500618278700756
580500604699182105
580500605070836755
580500611630466724
580500609558283816
580500598847866791
580500594199594536
580500581557830686
580500572455995117
580500552537966120
580500541052847181
580500516277880057
580500505444254955
580500500122535488
580500497737614980
580500487252444736
580500481910146060
580500487472514444
580500480965248405
580500461579699978
580500459640817101
580500467645253200
580500450991900204
580500440869340838
580500439491970459
580500435735315667
580500421176559209
580500421539104548
580500415051564039
580500416184288427
580500410881115502
580500403078530746
580500393652225785
580500362981311781
580500350277355411
580500340433388897
580500356155802691
580500355952903235
580500341683881134
580500333288851132
580500327086917429
580500319440897925
580500319869241020
580500313949767053
580500316978185894
580500302809106202
580500309134640357
580500306556454608
580500296826979457
580500294770919106
580500275084100910
580500271308440881
580500275999245784
580500255774574289
580500256204227602
580500258490975937
580500251646396372
580500252272461097
580500252406679239
580500244276348688
580500239311537579
580500232167786338
580500237784614400
580500235834983567
580500228802184881
580500230424200619
580500230400738700
580500217118360916
580500211039372841
580500226160821889
580500212080805842
580500220700427905
580500219872642116
580500202975037176
580500207385806363
580500202948102083
580500198374737555
580500205634356870
580500193956234780
580500194286470716
580500188351596529
580500182689154777
580500189316155210
580500175329723690
580500157019621241
580500165144905142
580500165419304404
580500160030869276
580500158068590251
580500143520122879
580500141636683596
580500136105445310
580500124716467419
580500132600514110
580500130984592691
580500105938372063
580500103094895973
580500094958667243
580500088644273333
580500092599632914
580500097389594213
580500085325595659
580500089518851304
580500083891865269
580500064621069695
580500061647243111
580500054593930848
580500053598635244
580500052671628289
580500047587935583
580500032947980280
580500023569122568
580500038754862421
580500020309100059
580500003176613754
580499999245698741
580500009976366151
580500001549289444
580500004108797448
580499998960485780
580499989004846688
580499981324158356
580499973783455060
580499980009899578
580499967324489048
580499956257949655
580499970318436155
580499942448792887
580499952370353557
580499931827045675
580499914181805563
580499925831353461
580499911812614125
580499897746360142
580499889871684875
580499896735467501
580499888339780804
580499856904390241
580499850691642656
580499850178299634
580499830113273722
580499826986747159
580499824700720870
580499802968065681
580499808233752568
580499807336302047
580499804479260551
580499794284413974
580499777049626581
580499774638491251
580499741790733847
580499744082134174
580499748936582897
580499752376501875
580499754900751421
580499719445710200
580499736380671991
580499710896408301
580499709193848749
580499709040297504
580499709068478252
580499717974099890
580499713384220442
580499688160528009
580499691354817815
580499668490487510
580499684327392535
580499651799779144
580499646778935072
580499636267091942
580499644123219583
580499609730122781
580499611973027260
580499612597519901
580499592982594887
580499599834908334
580499602155471914
580499584632653581
580499553562101022
580499569042097631
580499568732243752
580499553785054537
580499565125338582
580499552390710635
580499527062488609
580499549521544433
580499539018221148
580499525258216948
580499542605137745
580499512494228872
580499532162959295
580499543213245558
580499511108863257
580499541459306017
580499528700036984
580499517315712260
580499502909392117
580499493330716388
580499495095665963
580499473561651042
580499471490975190
580499470455244637
580499466029664087
580499469237716381
580499409668769293
580499409223976457
580499421174138767
580499438528922663
580499420622128429
580499415718987277
580499399668565630
580499384098391121
580499384645420909
580499359571936879
580499375766340901
580499394441217141
580499370696803455
580499355822753259
580499371376608580
580499360267929516
580499336843200478
580499331444803463
580499291013219533
580499299813786750
580499318564751189
580499312661136894
580499286534686438
580499283455936305
580499282968479353
580499250025235643
580499243164600281
580499248915384257
580499241644622975
580499254991619163
580499237798249895
580499213040321975
580499228846687982
580499184977545202
580499192968152898
580499183980545595
580499193265817497
580499155135988847
580499155092145672
580499179884873479
580499173812766044
580499145284093019
580499141693506788
580499132700722388
580499128843207840
580499106099136013
580499105580352577
580499103665390787
580499070098048855
580499046545393540
580499052964119719
580499076244014540
580499076186998084
580499028290405902
580499038152131695
580499010605516107
580499036177270555
580498983494452284
580499023772288675
580498986171597880
580498997418886390
580498990882522137
580498990922368719
580498933444084833
580498942436149066
580498953182872822
580498918866126198
580498952931608285
580498972004550611
580498911769102241
580498865102030626
580498853316363563
580498891465524889
580498848340084691
580498878792303998
580498878798202531
580498828996019945
580498846163109007
580498844134901675
580498814163649932
580498823644087388
580498814014359029
580498823829554216
580498821875139592
580498779162773226
580498820355753309
580498819811018502
580498821038638490
580498770520278346
580498800079636297
580498784359318622
580498795842339852
580498751614256590
580498752004720100
580498712462788308
580498740042827405
580498720265701365
580498720158549698
580498682317604152
580498670892058241
580498669118129254
580498719342298206
580498688820741356
580498655985698745
580498647084664282
580498656212780978
580498643788072030
580498664199456219
580498673548952637
580498623613600862
580498662720833018
580498603551131056
580498648370414667
580498610967184603
580498592283068013
580498602711417950
580498618470270270
580498587920729815
580498615064037326
580498576531096751
580498595318760622
580498567245039534
580498564857562192
580498542429373916
580498562228782687
580498508275353107
580498561262912766
580498559675631363
580498537411675701
580498495852152064
580498514049795396
580498447786542982
580498444027659897
580498432353470423
580498420568589572
580498397861872723
580498405116708829
580498372059366886
580498393064376098
580498380712609486
580498380226398024
580498311343539850
580498236122695162
580498287458747757
580498213643125898
580498231325984309
580498201614714577
580498239041603426
580498176212305221
580498238529374164
580498185445934758
580498204900754903
580498139028227137
580498170746865504
580498126076085935
580498135935977368
580498145560069935
580498103968957897
580498110357473016
580498110894933618
580498121650635898
580498123051009636
580498141446244223
580498120457488102
580498067624199235
580498054067225660
580498094649476707
580498063566538307
580498061589710842
580498058636855031
580498036345111684
580498028042159720
580498006017804198
580497992940815615
580498022880282272
580498012577171392
580498021061134130
580497967609055140
580497978385466799
580497977702122605
580497962166224282
580497985569654563
580497974772336120
580497912378197207
580497974204270196
580497984591267795
580497954811119422
580497932883298160
580497916362327524
580497917596567023
580497893590795980
580497874442684167
580497888318883336
580497888053986675
580497869548062712
580497880137434589
580497848344348198
580497858633172601
580497812953597362
580497813033485808
580497796820862941
580497844979992047
580497805414008248
580497804269225964
580497823593235896
580497780981860159
580497800303052028
580497789199222319
580497797487888019
580497762261567394
580497746238276777
580497746155505553
580497698110407680
580497731179611727
580497730117796897
580497742914291316
580497693857645972
580497676830344482
580497646351648593
580497663320294800
580497597734618190
580497595724367498
580497638421989201
580497624827004080
580497561089312521
580497550967670543
580497581761594896
580497582018430760
580497536202409642
580497558707865042
580497591350495206
580497535344346464
580497534342367102
580497585078241258
580497543499712211
580497525145896669
580497513892840692
580497539722676208
580497487579023017
580497474437678320
580497430935602933
580497471847106119
580497460293568138
580497421888423267
580497431347365267
580497406783424190
580497395502712369
580497439194907823
580497449686042620
580497428380550942
580497453700187918
580497404540585558
580497414296340238
580497413763794581
580497425559553322
580497443621341066
580497390847100502
580497422761755689
580497409653376512
580497382171247863
580497381422695919
580497373467608698
580497337678530105
580497370797344379
580497369080497919
580497356555061142
580497323046700898
580497343830525194
580497330776737536
580497314077574655
580497329653057035
580497317797791736
580497290211984679
580497315887023353
580497269722220275
580497255623132424
580497305850841077
580497274374489529
580497264060237319
580497251997877536
580497250833565336
580497243858109597
580497242963608845
580497281273005555
580497258448520494
580497231400633835
580497210387564441
580497229167626145
580497176674141536
580497225743238429
580497192101774931
580497174602745739
580497155225388561
580497154318567311
580497189830755758
580497120070174702
580497133028672570
580497147049707302
580497075674449702
580497085380986245
580497091954640130
580497046451553983
580497082383434957
580497070776091663
580497042079515800
580497063783334997
580497080498619481
580497014978413585
580497012400162176
580497039556576271
580497013535704951
580497030858442448
580497022199039201
580497028853172188
580497050138018835
580497006589937208
580496969818867012
580496958948280188
580496987877180695
580496966711084321
580496985046288164
580496946294457828
580496939358586283
580496945002939417
580496953047483458
580496953723421722
580496909134759291
580496929006126618
580496906521380799
580496924293629794
580496922989724677
580496920292263616
580496881714497493
580496910708999419
580496919714038840
580496875296949808
580496899497953190
580496804907877849
580496887100769401
580496845203866951
580496850120443076
580496818136646982
580496840944092551
580496858498565572
580496823647045391
580496846871561426
580496806165906598
580496802880718061
580496744996898766
580496743873742829
580496758139553007
580496797731882696
580496797381854825
580496767799624886
580496773964531639
580496716034507830
580496754851415757
580496766275389093
580496764571387501
580496772969629635
580496753803757115
580496763445675802
580496711441942493
580496704135726458
580496717371770852
580496693924562007
580496719064106328
580496727737534436
580496698100516451
580496663006381730
580496672041830237
580496669533766820
580496641163364271
580496678216631526
580496639423907026
580496646376753110
580496635776828935
580496633573246615
580496600169088900
580496623338948376
580496608575128827
580496606014309625
580496616438531851
580496588687115584
580496595212535232
580496541485663576
580496540198209454
580496550794986773
580496539625424582
580496559762801757
580496531362252332
580496503817405731
580496509136832498
580496471052289629
580496507002980199
580496507209221884
580496459573725156
580496475164935324
580496474271352246
580496450386102240
580496439656809721
580496403886868382
580496445592078013
580496444784870419
580496408533763677
580496398945715541
580496391541392422
580496383075059464
580496380574336356
580496358253692473
580496373831009424
580496386912584880
580496350877681024
580496320144573584
580496331997153166
580496309579056805
580496331523524192
580496316829238689
580496322956986318
580496308144408160
580496307000018423
580496315959903503
580496259015673025
580496258807793173
580496299879729116
580496263858128719
580496270532118013
580496269081413074
580496228851025496
580496210272486822
580496245944779817
580496217098651301
580496199538083745
580496182904456407
580496182237431657
580496196582933710
580496204072977712
580496190006462350
580496213030634856
580496194709390503
580496156144862410
580496171364747045
580496194193425457
580496186301580849
580496185593857222
580496137898788861
580496130884338735
580496141342311735
580496129450084110
580496102139069931
580496092718663435
580496092507047000
580496139476436908
580496097066715052
580496090304644520
580496097752024163
580496114099914083
580496047283209913
580496095195727554
580496054432663516
580496042523067727
580496041169552676
580496052998145833
580496039977190890
580496067320645044
580496067047293969
580496009422735157
580496021756610482
580496009389048850
580495998645602081
580496007575995618
580495991391881172
580496020292405207
580495980532041546
580495986338989072
580495970570830937
580495995699890104
580495970101003587
580495982394312458
580495964834400110
580495957973043066
580495963277133089
580495967521703127
580495955676333841
580495946042999911
580495945801762775
580495945693496836
580495916726191447
580495926376564305
580495901725198217
580495923806307489
580495901939238730
580495922286003609
580495913432679673
580495897569166502
580495896746493444
580495896591697681
580495872519341354
580495856648488151
580495866115753519
580495881672164875
580495887185119071
580495864746444232
580495832392370131
580495863079798293
580495862456026679
580495805492069490
580495830073115689
580495806228825352
580495796394362182
580495812378723685
580495819994072374
580495798998501333
580495809721960022
580495760838198513
580495750274385097
580495773719364639
580495768607818798
580495765056488843
580495747666445689
580495729868047863
580495734803236425
580495713201915195
580495712227264195
580495725517702758
580495716444702399
580495684781114899
580495706981172761
580495661881460611
580495652153100027
580495659783652465
580495644771714368
580495673318016984
580495645189965691
580495647958926770
580495633242096840
580495625619015209
580495609514788248
580495638533211637
580495602154243825
580495601156785971
580495586012202941
580495596044518736
580495611989100118
580495559435454038
580495587547121403
580495577047795413
580495550760847010
580495565805160119
580495526922585762
580495528758314621
580495554718566050
580495541839103682
580495535465006338
580495518870111284
580495502504724376
580495500081989412
580495513023973343
580495513160811839
580495489706919047
580495497096758289
580495456244631038
580495471718663470
580495487810766747
580495477317142403
580495462852167560
580495454471816990
580495445594571989
580495450478183785
580495421168846495
580495401394537677
580495384795121643
580495377319953457
580495396890314225
580495383077947359
580495389368157480
580495389350724693
580495360643007916
580495365290362063
580495323703903692
580495335697254350
580495357112846078
580495355902985488
580495355318535437
580495323145536887
580495299765634118
580495320786896887
580495292282799796
580495319926474271
580495319054714774
580495305622652230
580495297678509767
580495283867125593
580495289842304450
580495270614566403
580495264051136081
580495275930977757
580495255012869576
580495261091923393
580495246357464806
580495244981667620
580495220721681937
580495236121593768
580495202028193437
580495178552739679
580495192553260454
580495178204481161
580495170239367032
580495170453866187
580495168943523238
580495133145990719
580495157490321356
580495122433148713
580495093369701995
580495120141616212
580495086190954444
580495064279319815
580495065687164101
580495069800727922
580495036027930179
580495054264632427
580495017884157642
580495016179172612
580495026233902711
580495032341530400
580495024999793967
580495002611582185
580495010369013137
580494951619003940
580494951678969829
580494965768946916
580494971799963471
580494958606910480
580494957762479247
580494934946776584
580494935043180176
580494896302752933
580494893089260822
580494889099757309
580494881180714121
580494880638600571
580494880230901558
580494888041613097
580494873385010641
580494858092578247
580494862924351225
580494854763874251
580494823047267510
580494804786513135
580494819323774591
580494818668610799
580494832672999298
580494796345476691
580494817773454495
580494778588693680
580494761828517622
580494789433329628
580494754560837607
580494766144980652
580494743852319800
580494750315414589
580494731920246523
580494739505907382
580494700551243485
580494705069425923
580494692054369962
580494696378435402
580494672859137321
580494671024064399
580494651025229308
580494636770297625
580494635397252129
580494642862327497
580494635674470191
580494640220767860
580494596083058640
580494630584288657
580494588149728406
580494593132955430
580494622714004833
580494584599184905
580494622859822304
580494602424386560
580494583727097503
580494532900128597
580494549179860687
580494554934969573
580494538766387093
580494515011225471
580494497548764955
580494505530066462
580494480513729851
580494479369930161
580494513040164845
580494511840200565
580494487838361312
580494505588524222
580494511170618414
580494511716140821
580494477015680433
580494503810860423
580494461922543143
580494426074285757
580494449650927403
580494426097419521
580494449919035254
580494422958114039
580494408516535574
580494422313043763
580494447619049093
580494400485426495
580494415389427155
580494383701788598
580494397816407440
580494396137112756
580494394831308078
580494382003750862
580494387206391458
580494379195860621
580494377188296461
580494347933811811
580494319172618068
580494340468213275
580494325362951309
580494316882265828
580494308690134599
580494356049725372
580494304919979920
580494312853701866
580494296644158820
580494302504650345
580494286902822663
580494302984438802
580494284659852585
580494293048067663
580494259476072019
580494300114486413
580494256114010056
580494272548472666
580494257275569756
580494263372449018
580494238446487309
580494239008654471
580494213105026776
580494213597922991
580494251391420387
580494226023155016
580494201388697539
580494199496934581
580494166268544943
580494206067508671
580494156328175101
580494179378234970
580494168916330104
580494161194091743
580494185454274219
580494185072002722
580494151013795196
580494150974276700
580494147355182936
580494119383958596
580494129887675615
580494118610503524
580494147050440658
580494149000791058
580494115317974840
580494144772342892
580494126347879647
580494144047318162
580494106755958412
580494095073707231
580494115461760223
580494105609668394
580494112110446172
580494084067329923
580494075601257828
580494108399994517
580494082356511879
580494075593524444
580494048313312928
580494062203799537
580494059902567443
580494033463117301
580494052164338875
580494031723005226
580494039421584500
580494041037768020
580494025705162181
580494030203094383
580494016275383826
580493996258788574
580493996395628213
580494012542584087
580494021325850286
580494003814827307
580493977539872043
580493984541607575
580493969291380173
580493991995212933
580493959660012913
580493966787249451
580493952163480796
580493951763646158
580493938360353809
580493950217520826
580493906137678897
580493935736555362
580493910956475721
580493897319745271
580493909673411601
580493877680047460
580493877580432486
580493899167991140
580493907163973625
580493892480894573
580493891222734080
580493890365392838
580493829538088777
580493853376218477
580493862582977747
580493853491496320
580493837133448536
580493853405644711
580493859440854875
580493823037572623
580493799645611252
580493832539113114
580493812020839540
580493830525912843
580493802016441839
580493757948790537
580493757292185204
580493763014788587
580493738053109438
580493743193752986
580493720883725317
580493702941344963
580493724759656070
580493670775620712
580493714736842131
580493695933908240
580493666962015723
580493667404580099
580493695112545613
580493629535520048
580493629015884897
580493659008370441
580493629182477968
580493635541828833
580493615363032801
580493643771053076
580493621163427270
580493580981536036
580493579807523943
580493554883200913
580493585473046050
580493566447880010
580493501729113478
580493529493112342
580493511407994418
580493534258431431
580493533916530504
580493519289484874
580493518194575216
580493496326849765
580493490616305096
580493495403513402
580493457205396684
580493465696438235
580493465581552997
580493429808202989
580493488856008191
580493475134211144
580493438247470760
580493452425594395
580493423536538844
580493422608548947
580493466837878400
580493420963857752
580493433942410627
580493441486784346
580493406006510873
580493406532830930
580493406027155317
580493410424095805
580493410870855034
580493408231327021
580493387424826984
580493366724888104
580493386874062131
580493386975118643
580493361996793671
580493384349812440
580493375375574994
580493357875889196
580493339181025040
580493297161242123
580493305992742417
580493271300736713
580493268058474227
580493269039285541
580493257666233513
580493248151848816
580493242232046770
580493245901735206
580493192750794201
580493217308706653
580493215438571386
580493189930779788
580493214437049806
580493212955215767
580493143092922020
580503996219033096
580493159440877058
580493147990820723
580493128495761105
580493145931220354
580493096386790764
580493084091713358
580493118895981823
580493060373841078
580493106883101932
580493020493022697
580493041083712575
580493006918288553
580493019832616117
580493020218950831
580493056250185478
580493037607880046
580493037303661573
580493045116143439
580493045363410205
580492995996125052
580492985603753826
580493021750461993
580492954479069157
580492963808184010
580492930627568786
580492969224144754
580492910032226256
580492910319863086
580492918019228961
580492888667555386
580492900883728352
580492900074554883
580492889740444737
580492931813115497
580492915416205175
580492912886253155
580492873993389727
580492912606282862
580492854843442195
580492882648007690
580492864428607083
580492863246665346
580492881855153300
580492890970949079
580492878461699532
580492849659217236
580492867955230380
580492865503397324
580492867841393810
580492848300590877
580492829891069835
580492846167655922
580492807499187612
580492804411131173
580492823077487815
580492801454933613
580492810753247169
580492771907831484
580492790232614884
580492789616903759
580492777806661606
580492750490404579
580492717509084978
580492756080756275
580492739613459529
580492706953201445
580492711965131869
580492722109449561
580492686622164707
580492719510751078
580492719584675072
580492710112233298
580492676251551374
580492683638900095
580492653437880270
580492678670092244
580492599147005508
580492623261631955
580503914944890438
580503905000653961
580492585450440270
580492612214228440
580492603788461165
580492612444194452
580492573639148618
580492573579314522
580492584617412186
580492593084597908
580492601555191750
580492581893932849
580492539136149058
580492580417209846
580492565991163382
580492536515233753
580492535584162833
580492543980307541
580492496470901929
580492516459054397
580492511548573193
580492476009514601
580492475728692703
580492512001951733
580492485148640336
580492482838628160
580492464932947823
580492464086942788
580492454307529971
580492487378175097
580492443118241035
580492438303901514
580492438764422976
580492417629455903
580492408013292957
580492407280469307
580492422594987767
580492399090107509
580492436086425068
580492387012936980
580492341270972050
580492367880357217
580492384956548099
580492375049668072
580492375418438828
580492329090123220
580492353438909819
580492364250645694
580492333931070830
580492333962200689
580492324889789881
580492285418767819
580492283677083136
580492289462076694
580492308875805985
580492298720674875
580492257605027753
580492290538178511
580492291027403941
580492238928709610
580492290801370171
580492267021305106
580492266160359294
580492278091056301
580492255573346279
580492220018427846
580492244768621830
580492242848744910
580492216443176631
580492215004137125
580492149929116954
580492212548896553
580492183232349353
580492202345006976
580492161102152780
580492188975858857
580492188285765152
580492138597942439
580492136879916410
580492127073699714
580492124939913195
580492164318725682
580492140239291731
580492071207994519
580492050652103707
580492078801192414
580492076180604483
580492058370409760
580492013072516472
580492022455961292
580492053143979792
580492000391496805
580491989731476614
580492024587519622
580491998656497600
580492005515167572
580491968751503359
580491958961996926
580491975531332966
580491992570430703
580491966284727463
580491965775972222
580491946451764567
580491955511198891
580491970825258009
580491962500875764
580491944030996208
580491961312511372
580491935521932749
580491917681329306
580491925560722509
580491899114062931
580491898711017332
580491914873570893
580491922602821359
580491931615266814
580491920972744180
580491904593331317
580491928965645638
580491911132382959
580491919922333134
580491882618127515
580491864711988826
580491855776351315
580491881000502493
580491847557744314
580491854834271478
580491864051713787
580491871949325944
580491853601080747
580491862853584061
580491826660672663
580491867903985102
580491844382524714
580491859459933686
580491824337946594
580491849161934185
580491841259668564
580491823498691830
580491796738901076
580491821951583362
580491830151841168
580491784479803324
580491779962996501
580491779502081173
580491770995836106
580491808538854638
580491753033664076
580491745652933929
580491776300910362
580491745355531429
580491715239904350
580491751384975228
580491757409502551
580491755674109562
580491741286139772
580491750631245754
580491704384653183
580491740135720506
580491716338156908
580491672751277754
580491651789063783
580491664238282724
580491662795572990
580491679209850563
580491637115225105
580491641988220044
580491643100890936
580491654690669863
580491628512118695
580491593118090792
580491625475966485
580491579402257580
580491598350222882
580491622017500723
580491578777962380
580491585686439626
580491595923883175
580491561847654118
580491594596648903
580491568190555785
580491531458151762
580491530208839404
580491572470384070
580491520329549216
580491540723172574
580491558252676366
580491529613444162
580491556950345233
580491499314512926
580491512331863048
580491487737513045
580491460405200368
580491494552930061
580491501425034243
580491494095815707
580491477881947431
580491433370944673
580491463816283351
580491448530011397
580491431442220119
580503602089920477
580503633612015115
580491464051557721
580491414474032478
580491410798249544
580491374237156902
580491373917275195
580491419127612759
580491371709630351
580491407553496584
580491418052167206
580491390027007395
580491388529706376
580491370011722956
580491395747514333
580491395175188353
580491345071015627
580491354221479895
580491354144409094
580491366710281266
580491364858365118
580491356941485056
580491351007790597
580491331383363463
580491307035558978
580491291052770504
580491296543900676
580491278974223716
580491259711423655
580491278403536745
580491247739700606
580491234865416109
580491232610715045
580491177370027853
580491184543532205
580491201851852566
580491167461311821
580491174471304612
580491159057631105
580491155854689711
580491156436191207
580491167232132924
580491155983992384
580491160817993598
580491118944748946
580491120230696716
580491109798610496
580491097972114658
580491070820156818
580491097802770230
580491077112792956
580491029370406464
580491045368727129
580491036897412978
580490993633821934
580491025086907968
580491020192875950
580491007930631768
580491007584994732
580491001013044374
580490990076855858
580490998754673735
580490999932094199
580490964690109667
580490988419253581
580490954733225064
580490963443811682
580490977632158872
580490978045888408
580490954169025697
580490943019320721
580490941935093362
580490947195995718
580490922890462424
580490946256471800
580490930605360165
580490921447491500
580490907852047547
580490920192279814
580490919340770637
580490918332630960
580490878872028986
580490908606826452
580490909869770045
580490867426624540
580490900321043633
580490900598719999
580490842693207235
580490857047885318
580490864390735780
580490893121193230
580490862741456663
580490853382718831
580490846015489968
580490840747771244
580490813626549302
580490797061736215
580490804569802567
580490794189424353
580490801495377236
580490785380205609
580490784642139661
580490767806793654
580490766364869887
580490740082116113
580490746812728893
580490734559135245
580490753978238634
580490761578972168
580490751406475030
580490704826303781
580490672794994659
580490723549480721
580490709263157185
580490674449646888
580490664083555689
580490648608802521
580490633105605953
580490654947837525
580490612680329028
580503459008513144
580490587290109785
580490567203915629
580490583219602907
580490582989506276
580490590236083840
580490597034198906
580490570648683520
580490544002991121
580490508792006094
580490507733337824
580490494680270841
580490461659694333
580490483139904992
580490474135454737
580490464112641161
580490409950872613
580490442128852841
580490419144787003
580490430723556457
580490416059090483
580490415786723066
580490408093254932
580490430299276486
580490429210920154
580490445076727362
580490400678905747
580490367273830337
580490372827022962
580490359132620519
580490338108015746
580490333935732662
580490327012443393
580490347940971701
580490316672238741
580490330203850384
580490310201083885
580490344727872740
580490322309973506
580490350435599524
580490312873510853
580490299896727426
580490298179553113
580490267770324899
580490274022786644
580490250652780494
580490235289896539
580490254675641724
580490240319456857
580490239943214349
580490212453680986
580490177886324104
580490190514193483
580490182473712999
580490149569595137
580490166307554683
580490165297579290
580490155034117583
580490154073556823
580490164667385510
580490153524037463
580490143365432382
580490096072820177
580490134532949484
580490112971736343
580490125462766951
580490116874864059
580490099059951548
580490065993303319
580490088361067647
580490063762851517
580490081367917702
580490080492356729
580490035452347746
580490053382342346
580490026502751818
580490036666795109
580490012925986493
580503211492017220
580503205963466743
580489989922260847
580490011121976876
580490005559608896
580489986731770959
580490001795680248
580489983975916612
580489963157882735
580490000223667708
580489968256124498
580489967154661293
580489954592261278
580489946757433229
580489955607807285
580489951781028887
580489926968574994
580489900363515201
580489914486588454
580489899654677630
580489898312238176
580489891894232715
580489904535733264
580489906463410168
580489889518027821
580489877835384475
580489879229138306
580489865985492538
580489873267590811
580489881926141054
580489846316042016
580489833822455405
580489868229117342
580489862092130018
580489855049893392
580489819901953664
580489817857426551
580489794355234421
580489794994669377
580489817069422381
580489811656476181
580489805559072656
580489792939656407
580489815073785219
580489774192756352
580489802497230756
580489773402130138
580489790156802033
580489759689049619
580489784423253698
580489757001483957
580489733737908222
580489745580918704
580489732733044569
580489736346371116
580489732363289998
580489736433272721
580489730226423283
580489716511442561
580489720639096025
580489726249633363
580489701104584611
580489693703866256
580489676795446683
580489663792252831
580489690921338020
580489675689330194
580489663396087201
580489666341537448
580489662620599614
580489667664971721
580489666003305932
580489618859459654
580489612569118045
580489623170090453
580489571608856570
580489555276432641
580489558544778892
580489548285511064
580489547643716857
580489543227181030
580489537027999129
580489521272882408
580489503186257206
580489517159908353
580489491195790880
580489481864905961
580489494589441060
580489484251792600
580489475782182005
580489464005101222
580489479391381232
580489473768261011
580489440143836492
580489433941968808
580489444373333210
580489457812604705
580489447189939880
580489430951101985
580489435599635516
580489417116255439
580489417571730739
580489406936811081
580489397744141923
580489405674456176
580489363317294549
580489366271395044
580489384437253476
580489361595336236
580489375173543755
580489371327891189
580489353915172624
580489336000709930
580489327815460433
580489305844516455
580489317430756844
580489308856813424
580489301005993006
580489305335039122
580489312051103656
580503025343170487
580489281426523575
580489267534464563
580489256003208309
580489251119597201
580489241923913013
580489219603924925
580489233926816790
580489195208606974
580489184473351825
580489181620831550
580489177637422466
580489177244730709
580489160638628938
580489136462595094
580489165213107345
580489147354744509
580489144545543734
580489138617156732
580489142152824789
580489148123809448
580489119118951440
580489098929014462
580489105422714195
580489100142609955
580489084665234809
580489076022871057
580489076862256314
580489065121351387
580489064529168259
580489026695431397
580489035251483661
580489036482381094
580489007974942475
580488991464982087
580489016706303178
580489016261772909
580489016026891706
580489008715368238
580489001947727822
580502864141387272
580488989376939469
580488985597346998
580488966665897001
580488983277307701
580488979630425589
580488977822090945
580488975844279493
580488979882739440
580488963980690470
580488957587653965
580488949154154100
580488951145596647
580488951496017668
580488941002196067
580488943228192659
580488934475596993
580488925981017351
580488917245723665
580488921534072824
580488915237045782
580488920940250526
580488908349015463
580488894048142530
580488894304846873
580488906909976302
580488905332721270
580488857365021782
580488886072018024
580488878112802412
580488884872185601
580488876640601708
580488872728495136
580488876348179905
580488869139154179
580488850527913296
580488849103619133
580488852058309655
580488843878827635
580488814482458108
580488827539850426
580488803644245011
580488806290196390
580488802104542318
580488796698412143
580488802358036046
580488783360001324
580488794882016889
580488782672004375
580488788246431651
580488746820994416
580488751303329152
580488735165154904
580488713095317386
580488720745727127
580488714945136016
580488711439025284
580488707183903939
580488702858593807
580488703138760514
580488698016532290
580488693745878946
580488693725955981
580488677225038931
580488657282368886
580488657504994700
580488652655330940
580488644327736441
580488640672138527
580488644198696036
580488641500841204
580488624031958307
580488647366707189
580488636401551004
580488627368265338
580488620277335676
580488628428507118
580488621066847610
580488582961268112
580488605224634150
580488586484090392
580488580275210173
580488582605866401
580488584550516248
580488581023172090
580488569451153086
580488565143668270
580488560531441238
580488550778373950
580488532077872478
580488538232686060
580488524069701276
580488500019693241
580488501199864953
580488487390906319
580488485883315666
580488493239404171
580488480256984383
580488455816381737
580488449001489634
580488444895462483
580488447123687365
580488435383174741
580488423883375640
580488424323123078
580488410743539302
580488403905906629
580488376163796257
580488377427003374
580488350210688795
580488349462594624
580488347597571361
580488337916855806
580488298502259866
580488333008603031
580488325367890949
580488319706563669
580488298743039296
580488299501159602
580488302050378812
580488296888894483
580488287358190970
580488282489193735
580488279853926163
580488284597945987
580488279486858954
580488272032007674
580488278383035922
580488245020230758
580488232847902337
580488223421466092
580488225518814229
580488229607016290
580488218021693362
580488199034996012
580488210544887638
580488216652776652
580488213208467399
580488193582531954
580488194786034748
580488197335647915
580488184943313928
580488171323425925
580488166730335315
580488167169426858
580488151260300448
580488153735005851
580488157514925523
580488151854253899
580488148164510978
580488136225752772
580488125395404176
580488118400944041
580488119215555619
580488095830934545
580488091840447973
580488103497926606
580488101562778820
580488080070772268
580488090609943571
580488071821887113
580502799267038242
580488085843576612
580488062981277291
580488059263223147
580488051096258253
580488037886494526
580488026900235715
580488011102193135
580488018776196656
580488012586321212
580488017119577849
580488009483977837
580488009218491876
580488009929819270
580488001764558004
580488005275976838
580487985226286909
580487989127251016
580487993454527980
580487981436601912
580487973237524244
580487956910277947
580487957639431223
580487940735730991
580487940443768508
580487917759530786
580487912112620847
580487907472017321
580487917221021382
580487896408753857
580487881651947247
580487883903633208
580487879936542717
580487850090136948
580487844802758590
580487819041998461
580487802161366887
580487786074244875
580487784732787867
580487761359636456
580487754225059257
580487732244481201
580487729218291582
580487723315463848
580487713082607006
580487699047548878
580487696442819592
580487701093386016
580487676050835231
580487644890302131
580487648493602481
580487628566463977
580487608743855445
580487577535219624
580487592451212746
580487565522011600
580487564216599607
580487564534843334
580487558391564160
580487562430285378
580487534470661604
580487537845307260
580487537442784758
580487524768580636
580487499158882020
580487508257310588
580487513805325796
580487519226987875
580487513958942056
580487508524697583
580487500884051684
580487494942491826
580487454931125366
580487459028174747
580487445169014428
580487469662962833
580487373118146474
580487383597746038
580487391833523568
580487382539076991
580502646476277561
580502631122765349
580487310689797611
580487334648513743
580487325932946890
580487318561784896
580487331889055546
580487292259239075
580487286596470453
580487312597813144
580487285132592850
580487286064907901
580487254936225068
580487297565230773
580487284444268040
580487275399448170
580487246001440073
580487238656230567
580487258886932180
580487229673539075
580487239771260818
580487185439687893
580487223874782213
580487192421828138
580487185087104483
580487207947306820
580487183675065930
580487189449901118
580487180487591498
580487164094350459
580487146375448161
580487186227955100
580487127245882911
580487133320676777
580487150752662834
580487137671153022
580487122389926940
580487129992889840
580487097417369493
580487075301525258
580487067981416276
580487091764103149
580487046752601152
580487059398493885
580487059834504712
580486988840404963
580487013244241519
580487003435730624
580487031116171071
580487009823262709
580486965523678847
580486998745057255
580486980566812580
580486933664204426
580486958564214697
580486910417077424
580486939986199734
580486947328853767
580486917328569982
580486917775001146
580486895312798737
580486913467713279
580486862570817415
580486872749279007
580486845471622805
580486835328353923
580486834708842411
580486795854972155
580486773584594301
580486755292120573
580486777749604037
580486726280053922
580486737211982979
580486689504790371
580486699984651285
580486721573980001
580486698487416010
580486698638346170
580486685517841495
580486681864733984
580486662025217170
580486662375507686
580486639608956714
580486659051652780
580486622730618763
580486604384601844
580486596979360945
580486643997640031
580486602751444082
580486570434266886
580486556361131540
580486585930057422
580486567269795664
580486522672088148
580486520929158241
580486500730832297
580486524746695963
580486517924529577
580486465235485852
580486499494888705
580486494749165477
580486457096636134
580486442072311265
580486396296660022
580486405339776245
580486390578841010
580486387539084638
580486331444069467
580486302254662781
580486285208487031
580486271593776171
580486322217125561
580486280461911649
580486277199070507
580486218358359331
580486250930341147
580486204805711511
580486236854781591
580486209092224073
580486136550688112
580486159464170623
580486147070657634
580486163966101021
580485899609868012
580485895176095083
580485895781779005
580485930087711863
580485860902405697
580485836964464042
580485882420298878
580485893170169851
580485754508903844
580485864716928646
580485831769032562
580485821470115378
580485843509806666
580485826979857659
580485786986251856
580485798573999758
580485761220118235
580485759899829792
580485735939999733
580485671080134017
580485683930760705
580485631656101738
580485618833458468
580485640772617989
580485605119067650
580485615989261898
580485570770273405
580485555713836988
580485537184712312
580485502001121218
580485500776514997
580485458552260175
580485482260825274
580485467633845760
580485404594832528
580485346749155024
580485336033494859
580485310576035108
580502367239702085
580485319476282758
580485269408875939
580485249525647235
580485292606915886
580485250177664128
580485213281748560
580485241718998781
580485197745914911
580485196517115457
580485226516678189
580485195464344845
580485173550483172
580485172496926252
580485190407718155
580485188605150553
580485153341802134
580485134754940132
580485106213815762
580485103001896795
580485074029741581
580485124264003238
580485055884723387
580485094596577150
580485031165723681
580485053023880419
580485052660745808
580485052083177126
580485016323720556
580485046859827007
580485034202727770
580484947380242065
580484947379979610
580484961693435539
580484923125433988
580484941725271188
580484951815194230
580484898456569351
580484861537453256
580484894913168915
580484882289428057
580502295638017788
580484858639582849
580484879207859425
580484880951838669
580484845445613197
580484892543059454
580484855989044751
580484868411786344
580484841259369606
580484811540366357
580484822276211938
580484811015816251
580484752551150728
580484789829338363
580484800184223644
580484790417196672
580484827446478001
580484776333313128
580484755100829657
580484784871408753
580484784825402805
580484753464657612
580484732119057571
580484719007270210
580484747551934394
580484747504551865
580484734429267912
580484726213281048
580484716129912230
580484710747112746
580484650494232489
580484677426512942
580484644434445949
580484633621923789
580484631359882965
580484611630662698
580484641416578519
580484617056454399
580484624700048972
580484583609631766
580484606619321819
580484579773154326
580484594522556415
580484601940379429
580484547834381904
580484559532950704
580484557633128103
580484520782300915
580484526305478346
580484511067047179
580484498336089640
580484514794472497
580484506862519593
580484504760452750
580484490922985183
580484479355487994
580484479090329009
580484444122744118
580484448806078129
580484420512417588
580484430841873763
580484407968106161
580484394136863776
580484403270616782
580484387230614946
580484391985972664
580484399828141347
580484347051279401
580484359806092791
580484334701807594
580484376931435722
580484344530634452
580484373246085036
580484325368169883
580484329190426510
580484352299402785
580484351144330265
580484322562246609
580484328756839466
580484349490333305
580484336630596611
580484261197743705
580484335745664792
580484296166835833
580484296725333326
580484310644393339
580484292760536261
580484281354192614
580484292162062232
580484282602784672
580484261144003597
580484290771257331
580484277471511669
580484279151723749
580484227780806491
580484252533425922
580484203517871283
580484240620226085
580484250599720562
580484202016572628
580484231779419362
580484200324629521
580484186146506398
580484179651364855
580484185114511351
580484168108443354
580484176004744387
580484159863293469
580484147734874103
580484164181066979
580484138115368875
580484152743528014
580484119421355933
580484091420837574
580484097780647775
580484122233571195
580484055361947042
580484092817605805
580484037189010674
580484035881109280
580484047899952932
580484047035401800
580483974012896741
580484013342491821
580484012984993028
580483972559177015
580484003921691903
580483993206949675
580483976329987952
580483932475983048
580483938784085549
580483915561993905
580483918991885961
580483918587987381
580483890093459174
580483882979591688
580483871513871797
580483879026001866
580483857549591696
580483812550608264
580483821101221383
580483819990386387
580483812834313533
580483838780147554
580483837961406416
580483826639537955
580483852867765248
580483769840862600
580483806690706928
580483767531964407
580483792794978217
580483773254501916
580483771606140548
580483771624425384
580483733138081235
580483714939520096
580483721366897890
580483718996788667
580483738971113268
580483694108968465
580483707792164351
580483692675762091
580483658055255659
580483664904291330
580483673830426487
580483658464527882
580483680529908858
580483642142983283
580483640865490336
580483670747743627
580483645043803869
580483644184822825
580483604788643335
580483594832349050
580483578140918959
580483599533180129
580483571354731653
580483570548508523
580483523163883360
580483575261791563
580483541483947622
580483564787369050
580483535685715850
580483544554505236
580483506254153245
580483476787004593
580483461542938503
580483453836822471
580483426509031406
580483442710972139
580483451703953001
580483451596211864
580483440815146110
580483423764580328
580483414553494683
580483421407118452
580483373997524074
580483399095125705
580483373956236406
580483390397319141
580483396491183220
580483387739440846
580483376384608058
580483368655030010
580483320068147110
580483338544842675
580483334406374798
580483297539163326
580483291420526476
580483267442410958
580483275202201519
580483252145259962
580483251034031611
580483261804938410
580483241371665990
580483194246956909
580483201475576969
580483209442920445
580483197186246540
580483176917730795
580483165512238382
580483166322460560
580483147813390274
580483138678326331
580483152427582906
580483133444294016
580483073322813013
580483071699355487
580483102951573258
580483081580938962
580483086775256975
580483046213912414
580483055382791281
580483036498790075
580483062108882719
580483044543727602
580483035441759265
580483074912847732
580483025542219518
580483038562780399
580482986582050013
580483004394341393
580483002365085524
580482968708351533
580482936805295330
580482890863314264
580482856037680752
580482890401613132
580482872062019065
580482853765153823
580482802368743139
580482800057615571
580482809050137953
580482814858528385
580482815423185992
580482783866422534
580482764085953860
580482763012474111
580482774744990812
580482754254440158
580482761975956740
580482770108843900
580482736791848366
580482736112699304
580482767063712842
580482750586913993
580482734228604334
580482726032344202
580482706805131140
580482732273796572
580482704704243164
580482710993601610
580482676856358876
580482675472368975
580482702028867089
580482674186618406
580482670346274029
580482656690013364
580482668756436252
580482669223773528
580482645526348874
580482618427737764
580482619478934976
580482661046847005
580482617368741075
580482616556292063
580482642150983163
580482640107111714
580482609467327902
580482601347745603
580482567852950560
580482548405601882
580482516530202403
580482487769400962
580482485631681720
580482460307785048
580482439458686918
580482457445107630
580482424821679875
580482395718583726
580482435667100686
580482374402868791
580482372606592644
580482378895033705
580482388888552566
580482361105418148
580482397057091281
580482369917781155
580482386925094115
580482354078254202
580482326878192884
580482339698017955
580482347778868663
580482321207035821
580482279508575631
580482303346181627
580482328980587936
580482258370529021
580482303019288556
580482294405040059
580482285338265112
580482292513211642
580482283549591159
580482281550874439
580482244741006634
580482192612034158
580482212724377578
580482205010068668
580482133711619088
580482133699757758
580482144305382906
580482143152998326
580482100141066190
580482116799727381
580482114740978791
580482110555588198
580482085601576176
580482070162605094
580482037913782054
580482052314859303
580482032916662189
580482034652972104
580482017117177361
580482039680239338
580482008449582337
580481971554584024
580481980072756931
580481981600728945
580481963199989709
580481944099915300
580481953473725730
580481960318764287
580481913382143765
580481926559467393
580481892720411933
580481886731273385
580481844299335320
580481843597576021
580481826327397687
580481795489105623
580481813069333518
580481802719823213
580481790233969914
580481811932677831
580481771938875350
580481771973477499
580481728037947129
580481738950476848
580481745097885583
580481706228548646
580481742385153377
580481712417440830
580481705885402227
580481703385531570
580481693049128297
580481701762795001
580481700284171829
580481691297613212
580481673884305045
580481663388517629
580481663409423761
580481661636871595
580481659176191112
580481644328748774
580481657677252019
580481627990034069
580481635061695822
580481618952947078
580481568858539673
580481568308167805
580481616158033697
580481565246391782
580481541393647145
580481574858229603
580481573053957280
580481510567806438
580481545053766916
580481505266403202
580481489823237679
580481525093664616
580481513812493879
580481503104763100
580481476667738061
580481459673138193
580481445201806592
580481464064312865
580481443930080625
580481471908775056
580481428372752318
580481441493058751
580481407890655109
580481405226485375
580481423044085709
580481420374213634
580481381272881120
580481389303203239
580481315899409860
580481320040302209
580481282846065772
580481305978570083
580481272306435502
580481305977980604
580481317120017923
580481295901362061
580481253186634817
580481280448366345
580481253412538063
580481251228813007
580481229200394200
580481248150652623
580481208791369312
580481207766516825
580481243515421954
580481205303805140
580481212856895102
580481203581060196
580481191741982448
580481143675388958
580481155018229615
580481190066095496
580481142628321207
580481169405281938
580481183361435051
580481180283930095
580481111636805437
580481071055537795
580481081550997029
580481096316585859
580481105913546034
580481053117613602
580481058660910575
580481065775040132
580481083762378092
580481037374817479
580481005444302028
580481045430044072
580481009710564760
580481022557980552
580480985722487864
580480982511223923
580480930329035898
580480975522858927
580480972456625466
580480959288084057
580480946336007427
580480944276866465
580480885468923610
580480920181901134
580480880248129436
580480861687809591
580480860945417717
580480889802753409
580480867517760920
580480865353106594
580480833880163508
580480848824076284
580480781191382053
580480779914479128
580480748232541753
580480759781820257
580480767354307981
580480754851873929
580480701429221061
580480708797236997
580480727569302951
580480726869968498
580480705926956048
580480704285345271
580480662065612669
580480684155503858
580480659972917048
580480682063857172
580480681918302086
580480655709996497
580480635720009661
580480585792260039
580480583460882230
580480643263334308
580480582753879986
580480597393704657
580480613874501258
580480579138454816
580480603585087439
580480575725733413
580480574748264205
580480588493981579
580480571880277366
580480530223498922
580480562479793866
580480519720568462
580480499228378779
580480423961003906
580480485006345800
580480420278863473
580480417423655966
580480351950177901
580480392156710812
580480388508845263
580480344240587875
580480344292034317
580480320105907464
580480299643405811
580480321052968582
580480295779337542
580480259519317219
580480226557855699
580480254113776954
580480254655235853
580480277963835014
580480234750773091
580480222167139641
580480266195797433
580480222343169995
580480232116029373
580480190219192048
580480220544468093
580480239379711030
580501850890995207
580480207342634640
580480177173857596
580480134651676511
580480147751601680
580480147559515141
580480105939830660
580480146016339835
580480115151898585
580480098469578111
580480043915118523
580480031169939281
580480054272230470
580480053022590029
580480047737571133
580480022435038267
580480046214907191
580480034446803987
580479990119368370
580479959753590683
580479965112796766
580479973489542150
580479971908355154
580479919289370439
580479929784108491
580479899446183781
580479916134597722
580479858814846682
580479914709780194
580479914261907000
580479869687858339
580479902463460573
580479845149148920
580479800191583500
580479778640921907
580479771728381003
580479742653662226
580479748394878540
580479776017384488
580479712491242766
580501873166681910
580479767000024960
580479738729694499
580479708549448788
580479733317862540
580479704744363628
580479685684331726
580479675476510686
580479668917274390
580479579877508602
580479566394852616
580479565859489186
580479591153895118
580479552971835164
580479572858799427
580479561113961839
580479559267288337
580479541856273697
580479548271855486
580479519990973580
580479511883974321
580479519997002834
580479526708283184
580479516867921471
580479517219062924
580479485559670705
580479485242868876
580479506407917026
580479522884912960
580479478170289258
580479454870669071
580479464384464724
580479491584329666
580479452308014732
580479444452083356
580479489716552945
580479451719960502
580479418156549151
580479430653543498
580479458052965960
580479416093345137
580479436998280413
580479407460615296
580479414442690544
580479397006902757
580479406162085754
580479381904787029
580479354394281509
580479366367315021
580479334915474796
580479351462069950
580479347801818789
580479302631982287
580479249464919175
580479297916536185
580479247289583538
580479253232322176
580479221862598623
580479158844622411
580479099658863621
580479144091027170
580479110682740020
580479095046178124
580479087487321854
580479065667372726
580479075360605529
580479063879877849
580479052948997455
580479070134699810
580479019010918249
580479017203697125
580478961678190064
580478970300827524
580478928969303895
580478905763399435
580478943748065097
580478843645494786
580478857679176740
580478810027426948
580478779133363820
580478809308300421
580478808966661771
580478768865707070
580478815733450721
580478774424471386
580478773267170878
580478780819015283
580478802937677235
580478781840131712
580478793107933042
580478762913334710
580478738422859585
580478710964782402
580478676510475774
580478658146371070
580478660927784891
580478599692322668
580478618573899416
580478608529852126
580478590010558409
580478632961213456
580478583820551540
580478567464797550
580478559354193249
580478525353330207
580478519210968102
580478490965673073
580478481576199447
580478497178683354
580478503122797931
580478494334289665
580478465817741216
580478447769781503
580478440282031798
580478447233500177
580478473213543737
580478428245034003
580478459498694369
580478420557071524
580478451334612483
580478437190239259
580478436401710697
580478425976309397
580478408654751047
580478398019896930
580478415201404660
580478405793383812
580478373619729676
580478403975940000
580478402274297362
580478404011721928
580478381814679129
580478385883874584
580478336726959175
580478345295464433
580478317372343926
580478316375278862
580478281766176172
580478221445269121
580478217304376467
580478210028045594
580478167903077517
580478139557315849
580478152321304215
580478127570323312
580478114063943014
580478083816327030
580478095988656105
580478061517244318
580478055204226926
580478031242889155
580478047291016854
580478038102083020
580477781599487902
580477750241297609
580477748954432697
580477748494501055
580477722834667208
580477720944739844
580477664082953442
580477668147430437
580477672173045754
580477633910310770
580477647299642626
580477646784529511
580477622741534614
580477646190969885
580477620958430889
580477643914184513
580477603036300882
580477601043875459
580477583433565206
580477568742819785
580477596897544086
580477572643849408
580477579376493864
580477530310871029
580477541701027577
580477539768240102
580477527503963971
580477527404349002
580477488163488852
580477505347880636
580477499588052907
580477498626246247
580477485348062214
580477451624809786
580477485202245443
580477468262106298
580477474628011779
580477451497407558
580477466129892855
580477448800994957
580477434221659871
580477434327172717
580477434638861336
580477446174180793
580477421831948164
580477389066569369
580477381149558258
580477379512535009
580477404578612496
580477351591118330
580477349743068348
580477360116107104
580477309930341610
580477307676230731
580477329616962813
580477317367170110
580477281046792143
580477317054498792
580477291149821553
580477303491823018
580477274623084310
580477272941102542
580477294103594023
580477288531461451
580477268209796135
580477266690475634
580477269751859105
580477257137358385
580477255348684451
580477242130859391
580477237147043639
580477234208605588
580477222680167537
580477197654067115
580477221305091974
580477198137198156
580477218807580081
580477179657029404
580477184173114668
580477177688524758
580477159492847210
580477181128770599
580477177106957420
580477153375847808
580477141277967468
580477153914488095
580477133098813275
580477093664950060
580477092054205642
580477090518172729
580477110779414503
580477087053285294
580477099821139248
580477094520587828
580477067975034546
580477071692498533
580477064991114765
580477056895386818
580477057330283615
580477043182961792
580477063565641451
580477047723492470
580477028996777227
580477029448451517
580477055328814097
580477027022177549
580477039799142356
580477004178032488
580477015054058969
580476987828110991
580476992812123561
580476991120049431
580476995101296468
580476973459015249
580476973564921456
580476963640477075
580476961616397961
580476943920170422
580476935978386835
580476925605872889
580476912957752673
580476885424637087
580476877586007585
580476883425789630
580476879837890379
580476862449157496
580476872511162342
580476872363639967
580476869094246007
580501574665340504
580501578728441201
580501558896067649
580501565350708824
580476852506625991
580476849004906266
580476849803199659
580476841167914184
580476807824639712
580476820540327412
580476816604693618
580476804535453348
580476797944890915
580476772524066073
580476773771478717
580476790585787672
580476760988943606
580476766394746280
580476759571728106
580476764792325578
580476761910642164
580476759261153056
580476747497112577
580476746986391106
580476750151976863
580476762149652145
580476738052851611
580476720673752166
580476718487537330
580476724477920844
580476696389191355
580476708114302447
580476681703294022
580476677383619658
580476669385475486
580476657817519494
580476662262499212
580501422907623357
580501427133384217
580476646765659914
580476626121753923
580476633362760953
580476625203135762
580476607770952832
580476591338259612
580476604886910278
580476588369085646
580476570643825783
580476559645771661
580476557738542234
580476549844469461
580476557626214229
580476551662634242
580476540591375521
580476510135355246
580476437026276360
580476475562296500
580476454254905272
580476441093506644
580476404944700753
580476412111848994
580476394738976414
580476391824787171
580476380786033720
580476342369355665
580476343816783427
580476340458457034
580476343722149838
580476325660100305
580476300508497895
580476301589972832
580476286407509928
580476270748534218
580476267070064074
580476260477666393
580476246155035801
580501250411234533
580501231119205708
580476237870826655
580476176451274317
580476163990651940
580476159034361340
580476144554837422
580476138337306577
580476082519246455
580476083841500526
580476058854655823
580476058336003225
580476024253416973
580475973549065627
580475957241939747
580475951093221073
580475922140333967
580475932486436552
580475932465071189
580475926907619327
580475928346788882
580475904381716019
580475908707746982
580475892194313274
580475900516730478
580475904787908289
580475894282093586
580475898841760854
580475884091704768
580475898290603948
580475842735342828
580475836423636333
580475830714336536
580475826823791921
580475802398786626
580475806809032240
580475801829934282
580475804240414445
580475804799895020
580475796813481763
580475809673086258
580475793238165188
580475789633423354
580475784036582738
580475771045512284
580475783900070971
580475770287195580
580475753253406560
580475741485238153
580475752557151570
580475740221244647
580475728473916621
580475732794902056
580475714276197800
580475726235338366
580475709788488786
580475719370179751
580475709313222501
580475695552169572
580475698150213302
580475687736084019
580475677741778817
580475656274871513
580475642936591868
580475639024748510
580475632630793418
580475624216561169
580475629261849846
580475626745333580
580475606373467708
580475615359632941
580475590730286606
580475613433136271
580475591886931379
580475584149095608
580475575413278632
580475578242140072
580475574966781667
580475580217918960
580500819730203789
580475552926696957
580475545655739939
580475548264466019
580475523820127481
580475519367219036
580475535131444990
580475498896262909
580475477901215686
580475467798316718
580475463817070350
580475453986998026
580475446990505726
580475454790993439
580475407746369254
580500350512432148
580500342906652355
580500325664457864
580500269185860956
580500036258923999
580499893660321448
580499859272927224
580499842846459606
580499843205727520
580499827828032516
580499525926684503
580499478022227369
580499472406710079
580499031073850782
580499021525910942
580498923125180047
580498862351025729
580498859717461079
580498438928434295
580498437123508195
580498433001031288
580498423463314541
580498328239310718
580498327629038736
580498288503064387
580498261454128290
580497804381619536
580497688979014797
580497211522713162
580497237933196544
580497234975949975
580497150522066036
580497133158171747
580496634624903008
580496166531467045
580496131463546504
580496140991104812
580496103230965694
580496124681291211
580496043683579648
580495729436231237
580495673752455156
580495635173181407
580495232198214806
580495230240982817
580495202812135062
580495226428556373
580495173833622817
580495127737304128
580495121540351077
580495093693842892
580495075179201681
580495049189263016
580495071693079717
580494713596643115
580494720450201311
580494216081081376
580494205560981437
580494165821327136
580494189661685657
580494189150701340
580494170210010335
580494186453370552
580494153017755133
580493288915436841
580493249441859003
580493137967154593
580493135513224534
580493163966596483
580493125281088681
580492762654279219
580492665699403464
580492664360240620
580491713936000831
580491703904470487
580491690829251602
580491670040904890
580491642378290454
580491186493228048
580491203615753907
580491148326045461
580490719214339346
580490662536447337
580490566506677894
580490061403555260
580490037690533603
580489980355446520
580489993368798944
580489961077507250
580489944691672122
580489673487779121
580489642786194941
580489636130621144
580489597967304424
580489600905742009
580489623075062913
580489560007214763
580489549747029465
580489294520747532
580489292980979366
580489263114454540
580489258461726213
580489243803616330
580489213730129600
580489107671844134
580489061703189758
580488887503783048
580488693952120738
580488689992631392
580488675435906270
580488659154208632
580488437757609807
580488424149517560
580488395369187050
580488386590639131
580488244431914504
580488227719251919
580487997803628249
580487995995292785
580487704084842041
580486911826363468
580486942008116444
580486457843221979
580486456062280754
580486181711480193
580486177101416035
580486177843021707
580486174248830779
580485859781609221
580485542560958262
580485540655695647
580484794749454140
580484755136152708
580484400218670503
580484215158965774
580483888538486393
580483645314598143
580483595835508185
580483552427673189
580482967482107321
580482912013354623
580482589460563786
580482586071369701
580482022417990724
580481512052131096
580480973269599722
580480958273521227
580480970177283732
580480915483624684
580480896391873986
580480342961718485
580480310973335288
580480275400656860
580480274216879750
580480246016542220
580480277329708040
580479933524444639
580479955412748172
580479939821798490
580479753141585278
580479877485921578
580479819526276478
580479780425925656
580479363959391772
580479303217546392
580479328372753746
580479279279671147
580479248590538236
580479264914769717
580479233970242569
580479104512460398
580479095791388499
580479068218492851
580479087213447050
580479056722363700
580479084407653387
580479027636766178
580479051862869459
580479047514490845
580478990193362219
580478971078149256
580478973385017256
580478946369176642
580478934984460227
580478893591135555
580478854507890563
580478856111752424
580478826449110915
580478759231784890
580478715392591335
580478667873879303
580478666430907882
580478644919502217
580478649519932504
580478590290921071
580478618571539595
580478634694772372
580478633302918930
580478604014553042
580478530750416547
580478581508768874
580478556259321190
580478555193116318
580478509208733104
580478480497346145
580478467242427734
580486417184098062
580486415642756190
580486388793509342
580486344537704414
580486329217353658
580486336969999994
580486316205835454
580486270760093123
580486268503032850
580486246818022457
580486219247814107
580486215842039412
580486214021317651
580486204468856132
580486204829566251
580486163512264514
580486110095443194
580486097686070907
580486124729369723
580486063881488178
580478394550289696
580478343272432840
580478375572767799
580478364773811655
580478304033670838
580478325964375419
580478279184975288
580478286881915993
580478276993713603
580478292343424448
580478299781432830
580478308579640724
580478306915222547
580478238934271997
580478244840375605
580478241673086401
580478214197381011
580486090901783764
580486089124513309
580486088545174964
580486085828970280
580486029875251078
580486028858591119
580486050919187579
580486050633582155
580486002134910016
580486000660874617
580485953908081821
580485996020466794
580485948708390750
580485971455674093
580485943798236279
580485960281261240
580478162774623330
580478155271341888
580478129389799132
580478144644679372
580478110062052623
580478109383886412
580478084135093347
580478074839008808
580478062180599046
580478060762138071
580478060239882098
580478045703341970
580478021810488436
580478019721267003
580478049256244506
580477969035134851
580477968881452281
580477982428464682
580477926712444260
580477916478080862
580477932507596196
580477928193885676
580477892001171310
580477877899265481
580477883874641282
580477845583464422
580477840068740523
580477839186887936
580478050972960302
580478043065779609
580478002147329506
580477977282708989
580477986211005601
580477949385081899
580477909068973200
580477944643552342
580477901516932599
580477895029916799
580477879255795186
580477869031064730
580477843900433969
580477841497425257
580477809194534274
580477798386795747
580477720511088233
580477718930228934
580477730476295424
580477708066522462
580477697778223013
580477664155436362
580477672714634739
580477642782705139
580477639897876130
580477657319769133
580485947513537731
580485939741886316
580485959439386160
580485922790606275
580485929946810083
580485861865850241
580485861668390384
580485862154733554
580485866997449744
580485424367764572
580477538139146187
580477484330747495
580477548439963609
580477520613901669
580477546381346711
580477023646222232
580477017849365966
580477006906754797
580476919120626937
580476828220491639
580476462448740029
580476447508759774
580476436801357393
580476438551495996
580476411631470526
580475690091579161
580475674448463320
580475670432221087
580475651609560810
580475468654020407
580475443958679006
580475381770782340
580485370797262237
580485807089289128
580485793544766640
580485837671138707
580485767573964035
580485765202347964
580485726988436597
580485693941187701
580485701395318370
580485708210669145
580485662910285246
580485631459297099
580485585360749584
580485637193566061
580485578850731610
580485514138584690
580485520685106964
580485498282083428
580485482905634588
580485443845654065
580485425778820572
580485423459501508
580485369026611025
580485403926693057
580485415587251337
580485348618765906
580485339471382030
580485324754618093
580484612307387588
580483937669777264
580483827695191091
580482551481271459
580482585023382540
580482531965633640
580482490057852473
580480216308024961
580477281641333996
580477543441663200
580477306570245247
580475721894496239
