580519016052459156
580518943193269466
580518854152521532
580518535577371658
580518418624120221
580518358055224529
580518372230202592
580518332090385856
580518305593329105
580518094985659399
580518011856782667
580517966229047117
580517856437896433
580517778634671554
580517805458621927
580517726244996604
580517581375178052
580517573747705040
580517263235712585
580517163813078828
580517192267499310
580517090587608412
580517069549242203
580517069549176667
580517073633248406
580516962405352642
580516908456051906
580516895289083232
580516800913048745
580516788153844777
580516791781328492
580516778724722001
580516693563705171
580516623141144504
580516544979305947
580516551056786859
580516455823803650
580516372770555395
580516301094487366
580516311151969694
580516241801511993
580516259100394751
580516236632098746
580516170647111141
580516123051984214
580516038293424058
580516028290008268
580516033852508068
580516006697273169
580515976273233283
580515995033437691
580515961430640087
580515961430574551
580515797133199018
580515802816087268
580515579848721747
580515542386509502
580515513949652831
580515520135726365
580515505223730458
580515493836850278
580515467762959659
580515414419145813
580515394445804562
580515342940537958
580515274788734010
580515159927588517
580515128882332827
580515100948923568
580515089065477314
580515074199881612
580515031371449569
580515010384922420
580514991598371883
580514967357981882
580514807516137352
580514789567137390
580514760021869912
580514745615418373
580514670142129938
580514667822220510
580514637843105550
580514651487962493
580514607290156712
580514377356051460
580514363666630095
580514350401684836
580514271444436766
580514228861961811
580514240405079044
580514161555309656
580514121485616302
580514116138927985
580514081428571995
580514063752792037
580513985890715452
580513942830811125
580513722808764120
580513550362970056
580513361564173426
580513301955052688
580513259567941075
580513231962277758
580513192080541123
580513181969581538
580513166102005251
580513126603130700
580513070958151370
580512987770750765
580512767677531208
580512953740723272
580512955613021401
580512955612955865
580512917216790053
580512898659681610
580512889422251338
580512715645289686
580512690151851661
580512679468172941
580512655797945477
580512631671392056
580512578421950028
580512563927091045
580512513968735820
580512515926295868
580512451827631770
580512361761899531
580512356144482286
580512279748642681
580512231666779407
580512230351078590
580512204413699498
580512196470670607
580512174143210936
580512173303694777
580512154425722127
580512111125956584
580512110550353090
580512071490634946
580512061018309826
580511779792324433
580511577891767854
580510646986442027
580510284856133177
580510281571796537
580509945452594788
580509693217900050
580509642964501665
580509527136175394
580509212347434906
580508315686897310
580507913334720028
580507887934014551
580507755383981427
580507667548112347
580507088185033733
580506800648849101
580506712256709649
580506545549051510
580506459064993672
580506395862664221
580506401071203791
580506385564731272
580506302527276061
580506209096664757
580506181781260256
580505989511939442
580505964961105818
580505966839498333
580505920356517584
580505779815483390
580505404004665236
580505372385773157
580505053536290562
580504900878436351
580504761838241783
580504623684814295
580504595969508731
580504592346350710
580504446708057880
580504357328094861
580504220445869368
580504200043136613
580504173196969223
580504154018186373
580504137794487558
580504041386509835
580503969141589117
580503914471000058
580503883679630820
580503883679565284
580503881100854909
580503798285633047
580503761834313336
580503756381324920
580503501716489486
580503459942926193
580503217738188190
580502984498578926
580502948753737322
580502945454524155
580502772862583941
580502450241570257
580502463528798117
580502327579936074
580502285422265523
580502081796212008
580502041211471017
580501980100724265
580502004107478346
580501925736712172
580501667321775644
580501603622028373
580500996936664148
580500916940933048
580500769420051723
580500724224394543
580500639937102898
580500568404100753
580500420360177004
