2738544441684461
2738507643580800
2738507643580800
2738507643580800
2738507643580800
2738507643580800
2738507643580800
2738507643580800
2738507643580800
2738507643580800
2738507643580800
2738505838804008
2738499091621798
2654291112563353
2654289158146991
2654288951412809
2654288951412809
2654288744144236
2654290306679621
2738492868272687
2738492868272687
2738492868272687
2654282514304785
2654274183495534
2654274183495534
2654271571948387
2654270191007931
2654261197123539
2654261197123539
2738477865884226
2654263968718455
2738479610848387
2738478021644853
2738475444981196
2738470671941227
2654261110780256
2654261110780256
2738469648124022
2738464404760552
2738464404760552
2654248915674480
2738459403264533
2654220995479007
2738430469732276
2654217726418253
2738413869534097
2654203731552749
2738406207956746
2654188193376706
2654194107929312
2738390298950688
2738386485081043
2654179160396858
2654177563936265
2654171929725090
2654166927913803
2738367899941239
2738358640788825
2738346606176846
2654118160184461
2654102924014499
2738309430149916
2654093976235870
2654042506856178
2738247281129900
2654034929172760
2738237434213223
2654016720504794
2654005398335870
2654001168846554
2654007316490092
2653993587023539
2653993587023539
2653997308088952
2653993703605635
2653988105748985
2738185467318302
2653967126160606
2738165865472281
2738165850064053
2653937538014038
2653929379292955
2738153683740436
2738130657328077
2653881366669756
2653884905563346
2653869111525203
2738085649260834
2738065009144673
2738045845566199
2738045845566199
2653810558197795
2738040442428183
2653811131152399
2738042622016816
2738025271956927
2738014269196024
2738006655860592
2738007202734306
2738007202734306
2653763586767420
2653766561906612
2653768746806612
2653751913063200
2653727347272887
2737951420072462
2737951420072462
2653715137224542
2653706586980906
2653711119316130
2653709510720645
2653709510720645
2653709510720645
2737937025399121
2653709102316130
2653691598989214
2653699305932442
2653692982410648
2653682966257314
2653682966257314
2653682966257314
2737916825893837
2737905887488627
2737914436881710
2737914436881710
2653667587868603
2737895890863454
2737893881599607
2737891891576483
2737891891576483
2737890072536755
2737890072536755
2737890072536755
2653651956484996
2653646321883275
2653633752296629
2653628594161393
2653637727906375
2653635137396629
2737852285068970
2653618329105660
2737853678772922
2737842496429876
2737842496429876
2737842496429876
2737842496429876
2737842496429876
2737842496429876
2653608972121262
2737852812216962
2737852812216962
2653605570325499
2737847061325410
2737839296968578
2653602591770366
2737843043925410
2653599173268578
2737842432929876
2737842432929876
2737842432929876
2737842432929876
2737842432929876
2737842432929876
2653601331072527
2653598735040436
2653599324009302
2737829691383922
2737823497917946
2737836421568578
2653589723748357
2737827024492088
2653584900475812
